<?xml version="1.0" encoding="utf-8"?>
<COLLADA xmlns="http://www.collada.org/2005/11/COLLADASchema" version="1.4.1">
  <asset><contributor><author></author><authoring_tool>FBX COLLADA exporter</authoring_tool><comments></comments></contributor><created>2015-02-27T04:58:13Z</created><keywords></keywords><modified>2015-02-27T04:58:13Z</modified><revision></revision><subject></subject><title></title><unit meter="1.000000" name="centimeter"></unit><up_axis>Y_UP</up_axis></asset>
  <library_animations>
    <animation id="Bip001-anim" name="Bip001"><animation><source id="Bip001-Matrix-animation-input"><float_array id="Bip001-Matrix-animation-input-array" count="96">

0.000000 0.033333 0.066667 0.100000 0.133333 0.166667 0.200000 0.233333 0.266667 0.300000 0.333333 0.366667 0.400000 0.433333 0.466667 0.500000
0.533333 0.566667 0.600000 0.633333 0.666667 0.700000 0.733333 0.766667 0.800000 0.833333 0.866667 0.900000 0.933333 0.966667 1.000000 1.033333
1.066667 1.100000 1.133333 1.166667 1.200000 1.233333 1.266667 1.300000 1.333333 1.366667 1.400000 1.433333 1.466667 1.500000 1.533333 1.566667
1.600000 1.633333 1.666667 1.700000 1.733333 1.766667 1.800000 1.833333 1.866667 1.900000 1.933333 1.966667 2.000000 2.033333 2.066667 2.100000
2.133333 2.166667 2.200000 2.233333 2.266667 2.300000 2.333333 2.366667 2.400000 2.433333 2.466667 2.500000 2.533333 2.566667 2.600000 2.633333
2.666667 2.700000 2.733333 2.766667 2.800000 2.833333 2.866667 2.900000 2.933333 2.966667 3.000000 3.033333 3.066667 3.100000 3.133333 3.166667</float_array><technique_common><accessor source="#Bip001-Matrix-animation-input-array" count="96"><param name="TIME" type="float"/></accessor></technique_common></source><source id="Bip001-Matrix-animation-output-transform"><float_array id="Bip001-Matrix-animation-output-transform-array" count="1536">

0.000000 1.000000 -0.000000 0.015364 -0.000000 0.000000 1.000000 1.199138 1.000000 -0.000000 0.000000 0.036541 0.000000 0.000000 0.000000 1.000000
0.000000 1.000000 -0.000000 0.011061 -0.000000 0.000000 1.000000 1.195262 1.000000 -0.000000 0.000000 0.029859 0.000000 0.000000 0.000000 1.000000
0.000000 1.000000 -0.000000 0.006396 -0.000000 0.000000 1.000000 1.191186 1.000000 -0.000000 0.000000 0.022016 0.000000 0.000000 0.000000 1.000000
0.000000 1.000000 -0.000000 0.001641 -0.000000 0.000000 1.000000 1.187061 1.000000 -0.000000 0.000000 0.013881 0.000000 0.000000 0.000000 1.000000
0.000000 1.000000 -0.000000 -0.002934 -0.000000 0.000000 1.000000 1.183035 1.000000 -0.000000 0.000000 0.006328 0.000000 0.000000 0.000000 1.000000
0.000000 1.000000 -0.000000 -0.007056 -0.000000 0.000000 1.000000 1.179259 1.000000 -0.000000 0.000000 0.000228 0.000000 0.000000 0.000000 1.000000
0.000000 1.000000 -0.000000 -0.010455 -0.000000 0.000000 1.000000 1.175882 1.000000 -0.000000 0.000000 -0.003546 0.000000 0.000000 0.000000 1.000000
0.000000 1.000000 -0.000000 -0.012859 -0.000000 0.000000 1.000000 1.173054 1.000000 -0.000000 0.000000 -0.004123 0.000000 0.000000 0.000000 1.000000
0.000000 1.000000 -0.000000 -0.014049 -0.000000 0.000000 1.000000 1.170787 1.000000 -0.000000 0.000000 -0.000439 0.000000 0.000000 0.000000 1.000000
0.000000 1.000000 -0.000000 -0.014193 -0.000000 0.000000 1.000000 1.168955 1.000000 -0.000000 0.000000 0.007087 0.000000 0.000000 0.000000 1.000000
0.000000 1.000000 -0.000000 -0.013601 -0.000000 0.000000 1.000000 1.167493 1.000000 -0.000000 0.000000 0.017099 0.000000 0.000000 0.000000 1.000000
0.000000 1.000000 -0.000000 -0.012582 -0.000000 0.000000 1.000000 1.166338 1.000000 -0.000000 0.000000 0.028242 0.000000 0.000000 0.000000 1.000000
0.000000 1.000000 -0.000000 -0.011447 -0.000000 0.000000 1.000000 1.165427 1.000000 -0.000000 0.000000 0.039162 0.000000 0.000000 0.000000 1.000000
0.000000 1.000000 -0.000000 -0.010503 -0.000000 0.000000 1.000000 1.164698 1.000000 -0.000000 0.000000 0.048505 0.000000 0.000000 0.000000 1.000000
0.000000 1.000000 -0.000000 -0.010062 -0.000000 0.000000 1.000000 1.164086 1.000000 -0.000000 0.000000 0.054915 0.000000 0.000000 0.000000 1.000000
0.000000 1.000000 -0.000000 -0.010028 -0.000000 0.000000 1.000000 1.163600 1.000000 -0.000000 0.000000 0.059032 0.000000 0.000000 0.000000 1.000000
0.000000 1.000000 -0.000000 -0.010086 -0.000000 0.000000 1.000000 1.163271 1.000000 -0.000000 0.000000 0.062443 0.000000 0.000000 0.000000 1.000000
0.000000 1.000000 -0.000000 -0.010217 -0.000000 0.000000 1.000000 1.163075 1.000000 -0.000000 0.000000 0.065214 0.000000 0.000000 0.000000 1.000000
0.000000 1.000000 -0.000000 -0.010398 -0.000000 0.000000 1.000000 1.162986 1.000000 -0.000000 0.000000 0.067411 0.000000 0.000000 0.000000 1.000000
0.000000 1.000000 -0.000000 -0.010608 -0.000000 0.000000 1.000000 1.162980 1.000000 -0.000000 0.000000 0.069100 0.000000 0.000000 0.000000 1.000000
0.000000 1.000000 -0.000000 -0.010828 -0.000000 0.000000 1.000000 1.163030 1.000000 -0.000000 0.000000 0.070348 0.000000 0.000000 0.000000 1.000000
0.000000 1.000000 -0.000000 -0.011035 -0.000000 0.000000 1.000000 1.163114 1.000000 -0.000000 0.000000 0.071220 0.000000 0.000000 0.000000 1.000000
0.000000 1.000000 -0.000000 -0.011209 -0.000000 0.000000 1.000000 1.163204 1.000000 -0.000000 0.000000 0.071783 0.000000 0.000000 0.000000 1.000000
0.000000 1.000000 -0.000000 -0.011329 -0.000000 0.000000 1.000000 1.163277 1.000000 -0.000000 0.000000 0.072103 0.000000 0.000000 0.000000 1.000000
0.000000 1.000000 -0.000000 -0.011373 -0.000000 0.000000 1.000000 1.163306 1.000000 -0.000000 0.000000 0.072246 0.000000 0.000000 0.000000 1.000000
0.000000 1.000000 -0.000000 -0.011423 -0.000000 0.000000 1.000000 1.163316 1.000000 -0.000000 0.000000 0.072112 0.000000 0.000000 0.000000 1.000000
0.000000 1.000000 -0.000000 -0.011555 -0.000000 0.000000 1.000000 1.163342 1.000000 -0.000000 0.000000 0.071596 0.000000 0.000000 0.000000 1.000000
0.000000 1.000000 -0.000000 -0.011742 -0.000000 0.000000 1.000000 1.163383 1.000000 -0.000000 0.000000 0.070756 0.000000 0.000000 0.000000 1.000000
0.000000 1.000000 -0.000000 -0.011960 -0.000000 0.000000 1.000000 1.163436 1.000000 -0.000000 0.000000 0.069649 0.000000 0.000000 0.000000 1.000000
0.000000 1.000000 -0.000000 -0.012182 -0.000000 0.000000 1.000000 1.163499 1.000000 -0.000000 0.000000 0.068335 0.000000 0.000000 0.000000 1.000000
0.000000 1.000000 -0.000000 -0.012381 -0.000000 0.000000 1.000000 1.163569 1.000000 -0.000000 0.000000 0.066871 0.000000 0.000000 0.000000 1.000000
0.000000 1.000000 -0.000000 -0.012533 -0.000000 0.000000 1.000000 1.163644 1.000000 -0.000000 0.000000 0.065316 0.000000 0.000000 0.000000 1.000000
0.000000 1.000000 -0.000000 -0.012610 -0.000000 0.000000 1.000000 1.163720 1.000000 -0.000000 0.000000 0.063727 0.000000 0.000000 0.000000 1.000000
0.000000 1.000000 -0.000000 -0.012587 -0.000000 0.000000 1.000000 1.163797 1.000000 -0.000000 0.000000 0.062163 0.000000 0.000000 0.000000 1.000000
0.000000 1.000000 -0.000000 -0.012438 -0.000000 0.000000 1.000000 1.163870 1.000000 -0.000000 0.000000 0.060682 0.000000 0.000000 0.000000 1.000000
0.000000 1.000000 -0.000000 -0.012137 -0.000000 0.000000 1.000000 1.163938 1.000000 -0.000000 0.000000 0.059342 0.000000 0.000000 0.000000 1.000000
0.000000 1.000000 -0.000000 -0.011658 -0.000000 0.000000 1.000000 1.163999 1.000000 -0.000000 0.000000 0.058202 0.000000 0.000000 0.000000 1.000000
0.000000 1.000000 -0.000000 -0.010975 -0.000000 0.000000 1.000000 1.164049 1.000000 -0.000000 0.000000 0.057319 0.000000 0.000000 0.000000 1.000000
0.000000 1.000000 -0.000000 -0.010062 -0.000000 0.000000 1.000000 1.164086 1.000000 -0.000000 0.000000 0.056752 0.000000 0.000000 0.000000 1.000000
0.000000 1.000000 -0.000000 -0.008747 -0.000000 0.000000 1.000000 1.164111 1.000000 -0.000000 0.000000 0.056516 0.000000 0.000000 0.000000 1.000000
0.000000 1.000000 -0.000000 -0.006944 -0.000000 0.000000 1.000000 1.164128 1.000000 -0.000000 0.000000 0.056560 0.000000 0.000000 0.000000 1.000000
0.000000 1.000000 -0.000000 -0.004754 -0.000000 0.000000 1.000000 1.164137 1.000000 -0.000000 0.000000 0.056835 0.000000 0.000000 0.000000 1.000000
0.000000 1.000000 -0.000000 -0.002280 -0.000000 0.000000 1.000000 1.164140 1.000000 -0.000000 0.000000 0.057297 0.000000 0.000000 0.000000 1.000000
0.000000 1.000000 -0.000000 0.000378 -0.000000 0.000000 1.000000 1.164137 1.000000 -0.000000 0.000000 0.057898 0.000000 0.000000 0.000000 1.000000
0.000000 1.000000 -0.000000 0.003118 -0.000000 0.000000 1.000000 1.164131 1.000000 -0.000000 0.000000 0.058591 0.000000 0.000000 0.000000 1.000000
0.000000 1.000000 -0.000000 0.005838 -0.000000 0.000000 1.000000 1.164122 1.000000 -0.000000 0.000000 0.059331 0.000000 0.000000 0.000000 1.000000
0.000000 1.000000 -0.000000 0.008438 -0.000000 0.000000 1.000000 1.164113 1.000000 -0.000000 0.000000 0.060071 0.000000 0.000000 0.000000 1.000000
0.000000 1.000000 -0.000000 0.010814 -0.000000 0.000000 1.000000 1.164103 1.000000 -0.000000 0.000000 0.060765 0.000000 0.000000 0.000000 1.000000
0.000000 1.000000 -0.000000 0.012866 -0.000000 0.000000 1.000000 1.164094 1.000000 -0.000000 0.000000 0.061366 0.000000 0.000000 0.000000 1.000000
0.000000 1.000000 -0.000000 0.014493 -0.000000 0.000000 1.000000 1.164088 1.000000 -0.000000 0.000000 0.061827 0.000000 0.000000 0.000000 1.000000
0.000000 1.000000 -0.000000 0.015592 -0.000000 0.000000 1.000000 1.164086 1.000000 -0.000000 0.000000 0.062103 0.000000 0.000000 0.000000 1.000000
0.000000 1.000000 -0.000000 0.016355 -0.000000 0.000000 1.000000 1.164066 1.000000 -0.000000 0.000000 0.062391 0.000000 0.000000 0.000000 1.000000
0.000000 1.000000 -0.000000 0.017040 -0.000000 0.000000 1.000000 1.164011 1.000000 -0.000000 0.000000 0.062895 0.000000 0.000000 0.000000 1.000000
0.000000 1.000000 -0.000000 0.017647 -0.000000 0.000000 1.000000 1.163926 1.000000 -0.000000 0.000000 0.063573 0.000000 0.000000 0.000000 1.000000
0.000000 1.000000 -0.000000 0.018176 -0.000000 0.000000 1.000000 1.163817 1.000000 -0.000000 0.000000 0.064384 0.000000 0.000000 0.000000 1.000000
0.000000 1.000000 -0.000000 0.018626 -0.000000 0.000000 1.000000 1.163692 1.000000 -0.000000 0.000000 0.065288 0.000000 0.000000 0.000000 1.000000
0.000000 1.000000 -0.000000 0.018996 -0.000000 0.000000 1.000000 1.163557 1.000000 -0.000000 0.000000 0.066244 0.000000 0.000000 0.000000 1.000000
0.000000 1.000000 -0.000000 0.019287 -0.000000 0.000000 1.000000 1.163417 1.000000 -0.000000 0.000000 0.067209 0.000000 0.000000 0.000000 1.000000
0.000000 1.000000 -0.000000 0.019497 -0.000000 0.000000 1.000000 1.163280 1.000000 -0.000000 0.000000 0.068145 0.000000 0.000000 0.000000 1.000000
0.000000 1.000000 -0.000000 0.019626 -0.000000 0.000000 1.000000 1.163150 1.000000 -0.000000 0.000000 0.069009 0.000000 0.000000 0.000000 1.000000
0.000000 1.000000 -0.000000 0.019674 -0.000000 0.000000 1.000000 1.163036 1.000000 -0.000000 0.000000 0.069761 0.000000 0.000000 0.000000 1.000000
0.000000 1.000000 -0.000000 0.019641 -0.000000 0.000000 1.000000 1.162942 1.000000 -0.000000 0.000000 0.070360 0.000000 0.000000 0.000000 1.000000
0.000000 1.000000 -0.000000 0.019525 -0.000000 0.000000 1.000000 1.162876 1.000000 -0.000000 0.000000 0.070765 0.000000 0.000000 0.000000 1.000000
0.000000 1.000000 -0.000000 0.019327 -0.000000 0.000000 1.000000 1.162843 1.000000 -0.000000 0.000000 0.070934 0.000000 0.000000 0.000000 1.000000
0.000000 1.000000 -0.000000 0.019046 -0.000000 0.000000 1.000000 1.162851 1.000000 -0.000000 0.000000 0.070828 0.000000 0.000000 0.000000 1.000000
0.000000 1.000000 -0.000000 0.018681 -0.000000 0.000000 1.000000 1.162905 1.000000 -0.000000 0.000000 0.070405 0.000000 0.000000 0.000000 1.000000
0.000000 1.000000 -0.000000 0.018233 -0.000000 0.000000 1.000000 1.163011 1.000000 -0.000000 0.000000 0.069624 0.000000 0.000000 0.000000 1.000000
0.000000 1.000000 -0.000000 0.017700 -0.000000 0.000000 1.000000 1.163175 1.000000 -0.000000 0.000000 0.068444 0.000000 0.000000 0.000000 1.000000
0.000000 1.000000 -0.000000 0.017083 -0.000000 0.000000 1.000000 1.163406 1.000000 -0.000000 0.000000 0.066825 0.000000 0.000000 0.000000 1.000000
0.000000 1.000000 -0.000000 0.016380 -0.000000 0.000000 1.000000 1.163707 1.000000 -0.000000 0.000000 0.064725 0.000000 0.000000 0.000000 1.000000
0.000000 1.000000 -0.000000 0.015592 -0.000000 0.000000 1.000000 1.164086 1.000000 -0.000000 0.000000 0.062103 0.000000 0.000000 0.000000 1.000000
0.000000 1.000000 -0.000000 0.014011 -0.000000 0.000000 1.000000 1.164727 1.000000 -0.000000 0.000000 0.056979 0.000000 0.000000 0.000000 1.000000
0.000000 1.000000 -0.000000 0.011212 -0.000000 0.000000 1.000000 1.165758 1.000000 -0.000000 0.000000 0.048155 0.000000 0.000000 0.000000 1.000000
0.000000 1.000000 -0.000000 0.007613 -0.000000 0.000000 1.000000 1.167102 1.000000 -0.000000 0.000000 0.036765 0.000000 0.000000 0.000000 1.000000
0.000000 1.000000 -0.000000 0.003634 -0.000000 0.000000 1.000000 1.168684 1.000000 -0.000000 0.000000 0.023943 0.000000 0.000000 0.000000 1.000000
0.000000 1.000000 -0.000000 -0.000304 -0.000000 0.000000 1.000000 1.170426 1.000000 -0.000000 0.000000 0.010822 0.000000 0.000000 0.000000 1.000000
0.000000 1.000000 -0.000000 -0.003783 -0.000000 0.000000 1.000000 1.172252 1.000000 -0.000000 0.000000 -0.001462 0.000000 0.000000 0.000000 1.000000
0.000000 1.000000 -0.000000 -0.006383 -0.000000 0.000000 1.000000 1.174086 1.000000 -0.000000 0.000000 -0.011777 0.000000 0.000000 0.000000 1.000000
0.000000 1.000000 -0.000000 -0.007685 -0.000000 0.000000 1.000000 1.175850 1.000000 -0.000000 0.000000 -0.018988 0.000000 0.000000 0.000000 1.000000
0.000000 1.000000 -0.000000 -0.007432 -0.000000 0.000000 1.000000 1.177620 1.000000 -0.000000 0.000000 -0.023331 0.000000 0.000000 0.000000 1.000000
0.000000 1.000000 -0.000000 -0.005900 -0.000000 0.000000 1.000000 1.179504 1.000000 -0.000000 0.000000 -0.025894 0.000000 0.000000 0.000000 1.000000
0.000000 1.000000 -0.000000 -0.003461 -0.000000 0.000000 1.000000 1.181474 1.000000 -0.000000 0.000000 -0.026823 0.000000 0.000000 0.000000 1.000000
0.000000 1.000000 -0.000000 -0.000487 -0.000000 0.000000 1.000000 1.183502 1.000000 -0.000000 0.000000 -0.026264 0.000000 0.000000 0.000000 1.000000
0.000000 1.000000 -0.000000 0.002648 -0.000000 0.000000 1.000000 1.185558 1.000000 -0.000000 0.000000 -0.024363 0.000000 0.000000 0.000000 1.000000
0.000000 1.000000 -0.000000 0.005570 -0.000000 0.000000 1.000000 1.187616 1.000000 -0.000000 0.000000 -0.021264 0.000000 0.000000 0.000000 1.000000
0.000000 1.000000 -0.000000 0.007908 -0.000000 0.000000 1.000000 1.189648 1.000000 -0.000000 0.000000 -0.017114 0.000000 0.000000 0.000000 1.000000
0.000000 1.000000 -0.000000 0.009793 -0.000000 0.000000 1.000000 1.191853 1.000000 -0.000000 0.000000 -0.009431 0.000000 0.000000 0.000000 1.000000
0.000000 1.000000 -0.000000 0.011558 -0.000000 0.000000 1.000000 1.194265 1.000000 -0.000000 0.000000 0.002529 0.000000 0.000000 0.000000 1.000000
0.000000 1.000000 -0.000000 0.013125 -0.000000 0.000000 1.000000 1.196605 1.000000 -0.000000 0.000000 0.016012 0.000000 0.000000 0.000000 1.000000
0.000000 1.000000 -0.000000 0.014419 -0.000000 0.000000 1.000000 1.198594 1.000000 -0.000000 0.000000 0.028267 0.000000 0.000000 0.000000 1.000000
0.000000 1.000000 -0.000000 0.015364 -0.000000 0.000000 1.000000 1.199951 1.000000 -0.000000 0.000000 0.036541 0.000000 0.000000 0.000000 1.000000
0.000000 1.000000 -0.000000 0.015841 -0.000000 0.000000 1.000000 1.200500 1.000000 -0.000000 0.000000 0.039974 0.000000 0.000000 0.000000 1.000000
0.000000 1.000000 -0.000000 0.015901 -0.000000 0.000000 1.000000 1.200427 1.000000 -0.000000 0.000000 0.040404 0.000000 0.000000 0.000000 1.000000
0.000000 1.000000 -0.000000 0.015722 -0.000000 0.000000 1.000000 1.199997 1.000000 -0.000000 0.000000 0.039116 0.000000 0.000000 0.000000 1.000000
0.000000 1.000000 -0.000000 0.015483 -0.000000 0.000000 1.000000 1.199479 1.000000 -0.000000 0.000000 0.037399 0.000000 0.000000 0.000000 1.000000
0.000000 1.000000 -0.000000 0.015364 -0.000000 0.000000 1.000000 1.199138 1.000000 -0.000000 0.000000 0.036541 0.000000 0.000000 0.000000 1.000000</float_array><technique_common><accessor source="#Bip001-Matrix-animation-output-transform-array" count="96" stride="16"><param type="float4x4"/></accessor></technique_common></source><source id="Bip001-Interpolations"><Name_array id="Bip001-Interpolations-array" count="96">
 LINEAR LINEAR LINEAR LINEAR LINEAR LINEAR LINEAR LINEAR LINEAR LINEAR LINEAR
LINEAR LINEAR LINEAR LINEAR LINEAR LINEAR LINEAR LINEAR LINEAR LINEAR LINEAR LINEAR
LINEAR LINEAR LINEAR LINEAR LINEAR LINEAR LINEAR LINEAR LINEAR LINEAR LINEAR LINEAR
LINEAR LINEAR LINEAR LINEAR LINEAR LINEAR LINEAR LINEAR LINEAR LINEAR LINEAR LINEAR
LINEAR LINEAR LINEAR LINEAR LINEAR LINEAR LINEAR LINEAR LINEAR LINEAR LINEAR LINEAR
LINEAR LINEAR LINEAR LINEAR LINEAR LINEAR LINEAR LINEAR LINEAR LINEAR LINEAR LINEAR
LINEAR LINEAR LINEAR LINEAR LINEAR LINEAR LINEAR LINEAR LINEAR LINEAR LINEAR LINEAR
LINEAR LINEAR LINEAR LINEAR LINEAR LINEAR LINEAR LINEAR LINEAR LINEAR LINEAR LINEAR
LINEAR</Name_array><technique_common><accessor source="#Bip001-Interpolations-array" count="96"><param type="name"/></accessor></technique_common></source><sampler id="Bip001-Matrix-animation-transform"><input semantic="INPUT" source="#Bip001-Matrix-animation-input"/><input semantic="OUTPUT" source="#Bip001-Matrix-animation-output-transform"/><input semantic="INTERPOLATION" source="#Bip001-Interpolations"/></sampler><channel source="#Bip001-Matrix-animation-transform" target="Bip001/matrix"/></animation></animation>
    <animation id="Bip001Pelvis-anim" name="Bip001Pelvis"><animation><source id="Bip001Pelvis-Matrix-animation-input"><float_array id="Bip001Pelvis-Matrix-animation-input-array" count="96">

0.000000 0.033333 0.066667 0.100000 0.133333 0.166667 0.200000 0.233333 0.266667 0.300000 0.333333 0.366667 0.400000 0.433333 0.466667 0.500000
0.533333 0.566667 0.600000 0.633333 0.666667 0.700000 0.733333 0.766667 0.800000 0.833333 0.866667 0.900000 0.933333 0.966667 1.000000 1.033333
1.066667 1.100000 1.133333 1.166667 1.200000 1.233333 1.266667 1.300000 1.333333 1.366667 1.400000 1.433333 1.466667 1.500000 1.533333 1.566667
1.600000 1.633333 1.666667 1.700000 1.733333 1.766667 1.800000 1.833333 1.866667 1.900000 1.933333 1.966667 2.000000 2.033333 2.066667 2.100000
2.133333 2.166667 2.200000 2.233333 2.266667 2.300000 2.333333 2.366667 2.400000 2.433333 2.466667 2.500000 2.533333 2.566667 2.600000 2.633333
2.666667 2.700000 2.733333 2.766667 2.800000 2.833333 2.866667 2.900000 2.933333 2.966667 3.000000 3.033333 3.066667 3.100000 3.133333 3.166667</float_array><technique_common><accessor source="#Bip001Pelvis-Matrix-animation-input-array" count="96"><param name="TIME" type="float"/></accessor></technique_common></source><source id="Bip001Pelvis-Matrix-animation-output-transform"><float_array id="Bip001Pelvis-Matrix-animation-output-transform-array" count="1536">

-0.000000 1.000000 -0.000001 0.000000 0.033323 0.000001 0.999445 0.000000 0.999445 -0.000000 -0.033323 0.000000 0.000000 0.000000 0.000000 1.000000
-0.000085 0.999976 0.006903 0.000000 0.031500 -0.006897 0.999480 0.000000 0.999504 0.000302 -0.031499 0.000000 0.000000 0.000000 0.000000 1.000000
-0.000189 0.999898 0.014281 0.000000 0.029552 -0.014269 0.999461 0.000000 0.999563 0.000611 -0.029547 0.000000 0.000000 0.000000 0.000000 1.000000
-0.000314 0.999758 0.021990 0.000000 0.027518 -0.021973 0.999380 0.000000 0.999621 0.000919 -0.027505 0.000000 0.000000 0.000000 0.000000 1.000000
-0.000458 0.999553 0.029888 0.000000 0.025434 -0.029867 0.999230 0.000000 0.999676 0.001218 -0.025409 0.000000 0.000000 0.000000 0.000000 1.000000
-0.000620 0.999284 0.037831 0.000000 0.023339 -0.037806 0.999012 0.000000 0.999727 0.001502 -0.023299 0.000000 0.000000 0.000000 0.000000 1.000000
-0.000795 0.998956 0.045676 0.000000 0.021271 -0.045649 0.998731 0.000000 0.999773 0.001766 -0.021212 0.000000 0.000000 0.000000 0.000000 1.000000
-0.000982 0.998579 0.053281 0.000000 0.019266 -0.053253 0.998395 0.000000 0.999814 0.002006 -0.019186 0.000000 0.000000 0.000000 0.000000 1.000000
-0.001172 0.998167 0.060504 0.000000 0.017362 -0.060475 0.998019 0.000000 0.999849 0.002221 -0.017259 0.000000 0.000000 0.000000 0.000000 1.000000
-0.001362 0.997738 0.067203 0.000000 0.015597 -0.067173 0.997619 0.000000 0.999877 0.002407 -0.015470 0.000000 0.000000 0.000000 0.000000 1.000000
-0.001543 0.997314 0.073235 0.000000 0.014008 -0.073206 0.997218 0.000000 0.999901 0.002564 -0.013857 0.000000 0.000000 0.000000 0.000000 1.000000
-0.001707 0.996916 0.078460 0.000000 0.012632 -0.078432 0.996839 0.000000 0.999919 0.002693 -0.012459 0.000000 0.000000 0.000000 0.000000 1.000000
-0.001847 0.996570 0.082737 0.000000 0.011505 -0.082711 0.996507 0.000000 0.999932 0.002793 -0.011313 0.000000 0.000000 0.000000 0.000000 1.000000
-0.001955 0.996300 0.085925 0.000000 0.010666 -0.085899 0.996247 0.000000 0.999941 0.002864 -0.010458 0.000000 0.000000 0.000000 0.000000 1.000000
-0.002038 0.996090 0.088321 0.000000 0.010035 -0.088296 0.996044 0.000000 0.999948 0.002916 -0.009816 0.000000 0.000000 0.000000 0.000000 1.000000
-0.002108 0.995910 0.090331 0.000000 0.009506 -0.090307 0.995869 0.000000 0.999953 0.002958 -0.009276 0.000000 0.000000 0.000000 0.000000 1.000000
-0.002167 0.995759 0.091977 0.000000 0.009072 -0.091954 0.995722 0.000000 0.999956 0.002992 -0.008834 0.000000 0.000000 0.000000 0.000000 1.000000
-0.002214 0.995637 0.093282 0.000000 0.008729 -0.093259 0.995604 0.000000 0.999959 0.003018 -0.008484 0.000000 0.000000 0.000000 0.000000 1.000000
-0.002250 0.995544 0.094268 0.000000 0.008469 -0.094246 0.995513 0.000000 0.999962 0.003038 -0.008219 0.000000 0.000000 0.000000 0.000000 1.000000
-0.002275 0.995479 0.094957 0.000000 0.008288 -0.094935 0.995449 0.000000 0.999963 0.003051 -0.008034 0.000000 0.000000 0.000000 0.000000 1.000000
-0.002290 0.995439 0.095372 0.000000 0.008178 -0.095351 0.995410 0.000000 0.999964 0.003059 -0.007923 0.000000 0.000000 0.000000 0.000000 1.000000
-0.002296 0.995423 0.095535 0.000000 0.008135 -0.095514 0.995395 0.000000 0.999964 0.003063 -0.007879 0.000000 0.000000 0.000000 0.000000 1.000000
-0.002293 0.995430 0.095469 0.000000 0.008153 -0.095447 0.995401 0.000000 0.999964 0.003061 -0.007897 0.000000 0.000000 0.000000 0.000000 1.000000
-0.002283 0.995456 0.095194 0.000000 0.008225 -0.095173 0.995427 0.000000 0.999964 0.003056 -0.007970 0.000000 0.000000 0.000000 0.000000 1.000000
-0.002267 0.995500 0.094735 0.000000 0.008346 -0.094713 0.995470 0.000000 0.999963 0.003047 -0.008094 0.000000 0.000000 0.000000 0.000000 1.000000
-0.002244 0.995559 0.094112 0.000000 0.008510 -0.094090 0.995527 0.000000 0.999961 0.003035 -0.008261 0.000000 0.000000 0.000000 0.000000 1.000000
-0.002216 0.995631 0.093349 0.000000 0.008711 -0.093326 0.995597 0.000000 0.999960 0.003020 -0.008466 0.000000 0.000000 0.000000 0.000000 1.000000
-0.002184 0.995713 0.092466 0.000000 0.008943 -0.092444 0.995678 0.000000 0.999958 0.003002 -0.008703 0.000000 0.000000 0.000000 0.000000 1.000000
-0.002149 0.995804 0.091488 0.000000 0.009201 -0.091464 0.995766 0.000000 0.999955 0.002982 -0.008966 0.000000 0.000000 0.000000 0.000000 1.000000
-0.002112 0.995900 0.090435 0.000000 0.009478 -0.090411 0.995859 0.000000 0.999953 0.002960 -0.009248 0.000000 0.000000 0.000000 0.000000 1.000000
-0.002073 0.996000 0.089330 0.000000 0.009769 -0.089305 0.995956 0.000000 0.999950 0.002937 -0.009545 0.000000 0.000000 0.000000 0.000000 1.000000
-0.002033 0.996101 0.088195 0.000000 0.010068 -0.088170 0.996055 0.000000 0.999947 0.002913 -0.009849 0.000000 0.000000 0.000000 0.000000 1.000000
-0.001994 0.996202 0.087053 0.000000 0.010369 -0.087028 0.996152 0.000000 0.999944 0.002889 -0.010156 0.000000 0.000000 0.000000 0.000000 1.000000
-0.001955 0.996300 0.085925 0.000000 0.010666 -0.085899 0.996247 0.000000 0.999941 0.002864 -0.010458 0.000000 0.000000 0.000000 0.000000 1.000000
-0.001917 0.996396 0.084797 0.000000 0.010963 -0.084771 0.996340 0.000000 0.999938 0.002839 -0.010761 0.000000 0.000000 0.000000 0.000000 1.000000
-0.001878 0.996495 0.083637 0.000000 0.011268 -0.083611 0.996435 0.000000 0.999935 0.002813 -0.011072 0.000000 0.000000 0.000000 0.000000 1.000000
-0.001838 0.996594 0.082448 0.000000 0.011581 -0.082421 0.996530 0.000000 0.999931 0.002786 -0.011390 0.000000 0.000000 0.000000 0.000000 1.000000
-0.001797 0.996694 0.081229 0.000000 0.011902 -0.081202 0.996627 0.000000 0.999927 0.002758 -0.011717 0.000000 0.000000 0.000000 0.000000 1.000000
-0.001757 0.996795 0.079983 0.000000 0.012230 -0.079956 0.996723 0.000000 0.999924 0.002729 -0.012051 0.000000 0.000000 0.000000 0.000000 1.000000
-0.001715 0.996896 0.078710 0.000000 0.012566 -0.078682 0.996821 0.000000 0.999920 0.002699 -0.012392 0.000000 0.000000 0.000000 0.000000 1.000000
-0.001674 0.996998 0.077410 0.000000 0.012908 -0.077382 0.996918 0.000000 0.999915 0.002668 -0.012740 0.000000 0.000000 0.000000 0.000000 1.000000
-0.001632 0.997100 0.076086 0.000000 0.013257 -0.076058 0.997015 0.000000 0.999911 0.002635 -0.013094 0.000000 0.000000 0.000000 0.000000 1.000000
-0.001589 0.997202 0.074737 0.000000 0.013612 -0.074708 0.997113 0.000000 0.999906 0.002602 -0.013455 0.000000 0.000000 0.000000 0.000000 1.000000
-0.001547 0.997304 0.073364 0.000000 0.013974 -0.073336 0.997209 0.000000 0.999901 0.002568 -0.013823 0.000000 0.000000 0.000000 0.000000 1.000000
-0.001504 0.997406 0.071970 0.000000 0.014341 -0.071941 0.997306 0.000000 0.999896 0.002532 -0.014196 0.000000 0.000000 0.000000 0.000000 1.000000
-0.001461 0.997507 0.070553 0.000000 0.014714 -0.070524 0.997402 0.000000 0.999891 0.002496 -0.014575 0.000000 0.000000 0.000000 0.000000 1.000000
-0.001418 0.997608 0.069117 0.000000 0.015093 -0.069088 0.997496 0.000000 0.999885 0.002458 -0.014959 0.000000 0.000000 0.000000 0.000000 1.000000
-0.001375 0.997707 0.067661 0.000000 0.015476 -0.067631 0.997590 0.000000 0.999879 0.002419 -0.015348 0.000000 0.000000 0.000000 0.000000 1.000000
-0.001332 0.997806 0.066186 0.000000 0.015865 -0.066156 0.997683 0.000000 0.999873 0.002379 -0.015742 0.000000 0.000000 0.000000 0.000000 1.000000
-0.001290 0.997904 0.064693 0.000000 0.016258 -0.064664 0.997775 0.000000 0.999867 0.002339 -0.016141 0.000000 0.000000 0.000000 0.000000 1.000000
-0.001247 0.998001 0.063184 0.000000 0.016656 -0.063154 0.997865 0.000000 0.999860 0.002297 -0.016544 0.000000 0.000000 0.000000 0.000000 1.000000
-0.001204 0.998096 0.061659 0.000000 0.017058 -0.061629 0.997953 0.000000 0.999854 0.002254 -0.016951 0.000000 0.000000 0.000000 0.000000 1.000000
-0.001162 0.998191 0.060119 0.000000 0.017464 -0.060090 0.998040 0.000000 0.999847 0.002210 -0.017362 0.000000 0.000000 0.000000 0.000000 1.000000
-0.001120 0.998283 0.058565 0.000000 0.017873 -0.058536 0.998125 0.000000 0.999840 0.002165 -0.017777 0.000000 0.000000 0.000000 0.000000 1.000000
-0.001078 0.998374 0.056998 0.000000 0.018286 -0.056969 0.998208 0.000000 0.999832 0.002118 -0.018195 0.000000 0.000000 0.000000 0.000000 1.000000
-0.001037 0.998463 0.055420 0.000000 0.018702 -0.055391 0.998290 0.000000 0.999825 0.002071 -0.018616 0.000000 0.000000 0.000000 0.000000 1.000000
-0.000996 0.998550 0.053830 0.000000 0.019121 -0.053801 0.998369 0.000000 0.999817 0.002023 -0.019040 0.000000 0.000000 0.000000 0.000000 1.000000
-0.000955 0.998635 0.052230 0.000000 0.019543 -0.052202 0.998445 0.000000 0.999809 0.001974 -0.019466 0.000000 0.000000 0.000000 0.000000 1.000000
-0.000915 0.998718 0.050621 0.000000 0.019967 -0.050593 0.998520 0.000000 0.999800 0.001924 -0.019895 0.000000 0.000000 0.000000 0.000000 1.000000
-0.000875 0.998798 0.049004 0.000000 0.020393 -0.048976 0.998592 0.000000 0.999792 0.001873 -0.020326 0.000000 0.000000 0.000000 0.000000 1.000000
-0.000836 0.998877 0.047379 0.000000 0.020822 -0.047352 0.998661 0.000000 0.999783 0.001821 -0.020759 0.000000 0.000000 0.000000 0.000000 1.000000
-0.000797 0.998953 0.045749 0.000000 0.021252 -0.045722 0.998728 0.000000 0.999774 0.001768 -0.021193 0.000000 0.000000 0.000000 0.000000 1.000000
-0.000759 0.999026 0.044113 0.000000 0.021683 -0.044086 0.998792 0.000000 0.999765 0.001715 -0.021628 0.000000 0.000000 0.000000 0.000000 1.000000
-0.000722 0.999097 0.042472 0.000000 0.022116 -0.042446 0.998854 0.000000 0.999755 0.001660 -0.022065 0.000000 0.000000 0.000000 0.000000 1.000000
-0.000685 0.999166 0.040828 0.000000 0.022549 -0.040802 0.998913 0.000000 0.999746 0.001605 -0.022502 0.000000 0.000000 0.000000 0.000000 1.000000
-0.000649 0.999232 0.039182 0.000000 0.022983 -0.039156 0.998969 0.000000 0.999736 0.001549 -0.022940 0.000000 0.000000 0.000000 0.000000 1.000000
-0.000613 0.999295 0.037534 0.000000 0.023418 -0.037509 0.999022 0.000000 0.999726 0.001492 -0.023378 0.000000 0.000000 0.000000 0.000000 1.000000
-0.000578 0.999356 0.035885 0.000000 0.023853 -0.035861 0.999072 0.000000 0.999715 0.001434 -0.023817 0.000000 0.000000 0.000000 0.000000 1.000000
-0.000544 0.999414 0.034237 0.000000 0.024287 -0.034214 0.999119 0.000000 0.999705 0.001375 -0.024255 0.000000 0.000000 0.000000 0.000000 1.000000
-0.000511 0.999469 0.032590 0.000000 0.024722 -0.032567 0.999164 0.000000 0.999694 0.001316 -0.024692 0.000000 0.000000 0.000000 0.000000 1.000000
-0.000479 0.999521 0.030946 0.000000 0.025156 -0.030924 0.999205 0.000000 0.999683 0.001257 -0.025129 0.000000 0.000000 0.000000 0.000000 1.000000
-0.000447 0.999570 0.029304 0.000000 0.025589 -0.029283 0.999244 0.000000 0.999672 0.001196 -0.025564 0.000000 0.000000 0.000000 0.000000 1.000000
-0.000416 0.999617 0.027667 0.000000 0.026020 -0.027646 0.999279 0.000000 0.999661 0.001135 -0.025999 0.000000 0.000000 0.000000 0.000000 1.000000
-0.000386 0.999661 0.026035 0.000000 0.026451 -0.026015 0.999312 0.000000 0.999650 0.001074 -0.026432 0.000000 0.000000 0.000000 0.000000 1.000000
-0.000356 0.999702 0.024409 0.000000 0.026880 -0.024390 0.999341 0.000000 0.999639 0.001012 -0.026863 0.000000 0.000000 0.000000 0.000000 1.000000
-0.000328 0.999740 0.022790 0.000000 0.027307 -0.022772 0.999368 0.000000 0.999627 0.000950 -0.027293 0.000000 0.000000 0.000000 0.000000 1.000000
-0.000300 0.999776 0.021179 0.000000 0.027732 -0.021162 0.999391 0.000000 0.999615 0.000887 -0.027720 0.000000 0.000000 0.000000 0.000000 1.000000
-0.000273 0.999808 0.019577 0.000000 0.028155 -0.019561 0.999412 0.000000 0.999604 0.000824 -0.028144 0.000000 0.000000 0.000000 0.000000 1.000000
-0.000247 0.999838 0.017985 0.000000 0.028575 -0.017970 0.999430 0.000000 0.999592 0.000761 -0.028566 0.000000 0.000000 0.000000 0.000000 1.000000
-0.000222 0.999865 0.016403 0.000000 0.028992 -0.016390 0.999445 0.000000 0.999580 0.000698 -0.028985 0.000000 0.000000 0.000000 0.000000 1.000000
-0.000198 0.999890 0.014834 0.000000 0.029407 -0.014822 0.999458 0.000000 0.999568 0.000634 -0.029400 0.000000 0.000000 0.000000 0.000000 1.000000
-0.000174 0.999912 0.013277 0.000000 0.029817 -0.013266 0.999467 0.000000 0.999555 0.000570 -0.029812 0.000000 0.000000 0.000000 0.000000 1.000000
-0.000152 0.999931 0.011734 0.000000 0.030225 -0.011724 0.999474 0.000000 0.999543 0.000506 -0.030221 0.000000 0.000000 0.000000 0.000000 1.000000
-0.000130 0.999948 0.010206 0.000000 0.030628 -0.010197 0.999479 0.000000 0.999531 0.000442 -0.030625 0.000000 0.000000 0.000000 0.000000 1.000000
-0.000109 0.999962 0.008693 0.000000 0.031027 -0.008686 0.999481 0.000000 0.999519 0.000379 -0.031025 0.000000 0.000000 0.000000 0.000000 1.000000
-0.000089 0.999974 0.007197 0.000000 0.031422 -0.007191 0.999480 0.000000 0.999506 0.000315 -0.031421 0.000000 0.000000 0.000000 0.000000 1.000000
-0.000069 0.999984 0.005719 0.000000 0.031813 -0.005714 0.999478 0.000000 0.999494 0.000251 -0.031812 0.000000 0.000000 0.000000 0.000000 1.000000
-0.000051 0.999991 0.004259 0.000000 0.032198 -0.004255 0.999472 0.000000 0.999482 0.000188 -0.032197 0.000000 0.000000 0.000000 0.000000 1.000000
-0.000033 0.999996 0.002818 0.000000 0.032578 -0.002815 0.999465 0.000000 0.999469 0.000125 -0.032578 0.000000 0.000000 0.000000 0.000000 1.000000
-0.000016 0.999999 0.001397 0.000000 0.032953 -0.001396 0.999456 0.000000 0.999457 0.000062 -0.032953 0.000000 0.000000 0.000000 0.000000 1.000000
-0.000000 1.000000 -0.000001 0.000000 0.033323 0.000001 0.999445 0.000000 0.999445 -0.000000 -0.033323 0.000000 0.000000 0.000000 0.000000 1.000000
0.000010 1.000000 -0.000890 0.000000 0.033557 0.000889 0.999436 0.000000 0.999437 -0.000040 -0.033557 0.000000 0.000000 0.000000 0.000000 1.000000
0.000011 0.999999 -0.001001 0.000000 0.033587 0.001000 0.999435 0.000000 0.999436 -0.000045 -0.033586 0.000000 0.000000 0.000000 0.000000 1.000000
0.000008 1.000000 -0.000668 0.000000 0.033499 0.000667 0.999439 0.000000 0.999439 -0.000030 -0.033499 0.000000 0.000000 0.000000 0.000000 1.000000
0.000003 1.000000 -0.000223 0.000000 0.033381 0.000223 0.999443 0.000000 0.999443 -0.000010 -0.033381 0.000000 0.000000 0.000000 0.000000 1.000000
-0.000000 1.000000 -0.000001 0.000000 0.033323 0.000001 0.999445 0.000000 0.999445 -0.000000 -0.033323 0.000000 0.000000 0.000000 0.000000 1.000000</float_array><technique_common><accessor source="#Bip001Pelvis-Matrix-animation-output-transform-array" count="96" stride="16"><param type="float4x4"/></accessor></technique_common></source><source id="Bip001Pelvis-Interpolations"><Name_array id="Bip001Pelvis-Interpolations-array" count="96">
 LINEAR LINEAR LINEAR LINEAR LINEAR LINEAR LINEAR LINEAR LINEAR LINEAR LINEAR
LINEAR LINEAR LINEAR LINEAR LINEAR LINEAR LINEAR LINEAR LINEAR LINEAR LINEAR LINEAR
LINEAR LINEAR LINEAR LINEAR LINEAR LINEAR LINEAR LINEAR LINEAR LINEAR LINEAR LINEAR
LINEAR LINEAR LINEAR LINEAR LINEAR LINEAR LINEAR LINEAR LINEAR LINEAR LINEAR LINEAR
LINEAR LINEAR LINEAR LINEAR LINEAR LINEAR LINEAR LINEAR LINEAR LINEAR LINEAR LINEAR
LINEAR LINEAR LINEAR LINEAR LINEAR LINEAR LINEAR LINEAR LINEAR LINEAR LINEAR LINEAR
LINEAR LINEAR LINEAR LINEAR LINEAR LINEAR LINEAR LINEAR LINEAR LINEAR LINEAR LINEAR
LINEAR LINEAR LINEAR LINEAR LINEAR LINEAR LINEAR LINEAR LINEAR LINEAR LINEAR LINEAR
LINEAR</Name_array><technique_common><accessor source="#Bip001Pelvis-Interpolations-array" count="96"><param type="name"/></accessor></technique_common></source><sampler id="Bip001Pelvis-Matrix-animation-transform"><input semantic="INPUT" source="#Bip001Pelvis-Matrix-animation-input"/><input semantic="OUTPUT" source="#Bip001Pelvis-Matrix-animation-output-transform"/><input semantic="INTERPOLATION" source="#Bip001Pelvis-Interpolations"/></sampler><channel source="#Bip001Pelvis-Matrix-animation-transform" target="Bip001Pelvis/matrix"/></animation></animation>
    <animation id="Bip001Spine-anim" name="Bip001Spine"><animation><source id="Bip001Spine-Matrix-animation-input"><float_array id="Bip001Spine-Matrix-animation-input-array" count="96">

0.000000 0.033333 0.066667 0.100000 0.133333 0.166667 0.200000 0.233333 0.266667 0.300000 0.333333 0.366667 0.400000 0.433333 0.466667 0.500000
0.533333 0.566667 0.600000 0.633333 0.666667 0.700000 0.733333 0.766667 0.800000 0.833333 0.866667 0.900000 0.933333 0.966667 1.000000 1.033333
1.066667 1.100000 1.133333 1.166667 1.200000 1.233333 1.266667 1.300000 1.333333 1.366667 1.400000 1.433333 1.466667 1.500000 1.533333 1.566667
1.600000 1.633333 1.666667 1.700000 1.733333 1.766667 1.800000 1.833333 1.866667 1.900000 1.933333 1.966667 2.000000 2.033333 2.066667 2.100000
2.133333 2.166667 2.200000 2.233333 2.266667 2.300000 2.333333 2.366667 2.400000 2.433333 2.466667 2.500000 2.533333 2.566667 2.600000 2.633333
2.666667 2.700000 2.733333 2.766667 2.800000 2.833333 2.866667 2.900000 2.933333 2.966667 3.000000 3.033333 3.066667 3.100000 3.133333 3.166667</float_array><technique_common><accessor source="#Bip001Spine-Matrix-animation-input-array" count="96"><param name="TIME" type="float"/></accessor></technique_common></source><source id="Bip001Spine-Matrix-animation-output-transform"><float_array id="Bip001Spine-Matrix-animation-output-transform-array" count="1536">

0.992173 -0.105439 0.066903 0.077658 0.105439 0.994419 0.003544 -0.022978 -0.066903 0.003538 0.997753 -0.002589 0.000000 0.000000 0.000000 1.000000
0.992092 -0.107213 0.065255 0.077665 0.107728 0.994171 -0.004408 -0.022954 -0.064402 0.011403 0.997859 -0.002606 0.000000 0.000000 0.000000 1.000000
0.991664 -0.111948 0.063796 0.077673 0.113096 0.993476 -0.014669 -0.022928 -0.061738 0.021762 0.997855 -0.002624 0.000000 0.000000 0.000000 1.000000
0.990920 -0.119023 0.062537 0.077681 0.120873 0.992310 -0.026659 -0.022901 -0.058883 0.033976 0.997686 -0.002643 0.000000 0.000000 0.000000 1.000000
0.989887 -0.127837 0.061490 0.077689 0.130410 0.990661 -0.039811 -0.022873 -0.055826 0.047427 0.997313 -0.002663 0.000000 0.000000 0.000000 1.000000
0.988601 -0.137800 0.060657 0.077698 0.141079 0.988548 -0.053569 -0.022844 -0.052581 0.061516 0.996720 -0.002682 0.000000 0.000000 0.000000 1.000000
0.987116 -0.148327 0.060018 0.077707 0.152263 0.986040 -0.067388 -0.022816 -0.049184 0.075658 0.995920 -0.002701 0.000000 0.000000 0.000000 1.000000
0.985509 -0.158838 0.059518 0.077716 0.163351 0.983259 -0.080731 -0.022788 -0.045699 0.089284 0.994958 -0.002719 0.000000 0.000000 0.000000 1.000000
0.983888 -0.168746 0.059075 0.077724 0.173734 0.980385 -0.093068 -0.022762 -0.042211 0.101832 0.993906 -0.002736 0.000000 0.000000 0.000000 1.000000
0.982384 -0.177458 0.058573 0.077731 0.182796 0.977649 -0.103870 -0.022737 -0.038831 0.112747 0.992865 -0.002751 0.000000 0.000000 0.000000 1.000000
0.981153 -0.184364 0.057874 0.077738 0.189910 0.975323 -0.112605 -0.022715 -0.035686 0.121473 0.991953 -0.002765 0.000000 0.000000 0.000000 1.000000
0.980137 -0.189916 0.057127 0.077744 0.195573 0.973378 -0.119525 -0.022696 -0.032906 0.128323 0.991186 -0.002777 0.000000 0.000000 0.000000 1.000000
0.979170 -0.194995 0.056597 0.077749 0.200726 0.971618 -0.125169 -0.022680 -0.030584 0.133922 0.990520 -0.002786 0.000000 0.000000 0.000000 1.000000
0.978256 -0.199612 0.056315 0.077752 0.205395 0.970084 -0.129425 -0.022668 -0.028795 0.138178 0.989989 -0.002793 0.000000 0.000000 0.000000 1.000000
0.977399 -0.203799 0.056195 0.077755 0.209620 0.968748 -0.132617 -0.022659 -0.027411 0.141399 0.989573 -0.002798 0.000000 0.000000 0.000000 1.000000
0.976604 -0.207594 0.056125 0.077758 0.213440 0.967560 -0.135174 -0.022651 -0.026243 0.143991 0.989231 -0.002802 0.000000 0.000000 0.000000 1.000000
0.975871 -0.211018 0.056096 0.077760 0.216879 0.966517 -0.137144 -0.022645 -0.025278 0.146001 0.988962 -0.002806 0.000000 0.000000 0.000000 1.000000
0.975202 -0.214091 0.056098 0.077762 0.219958 0.965617 -0.138574 -0.022640 -0.024502 0.147477 0.988762 -0.002809 0.000000 0.000000 0.000000 1.000000
0.974594 -0.216833 0.056123 0.077763 0.222699 0.964853 -0.139512 -0.022637 -0.023900 0.148466 0.988629 -0.002811 0.000000 0.000000 0.000000 1.000000
0.974048 -0.219263 0.056163 0.077764 0.225123 0.964220 -0.140002 -0.022634 -0.023456 0.149012 0.988557 -0.002812 0.000000 0.000000 0.000000 1.000000
0.973562 -0.221400 0.056210 0.077764 0.227247 0.963708 -0.140092 -0.022632 -0.023154 0.149161 0.988542 -0.002813 0.000000 0.000000 0.000000 1.000000
0.973133 -0.223263 0.056258 0.077765 0.229093 0.963310 -0.139825 -0.022632 -0.022976 0.148957 0.988577 -0.002813 0.000000 0.000000 0.000000 1.000000
0.972761 -0.224871 0.056299 0.077765 0.230678 0.963015 -0.139249 -0.022632 -0.022904 0.148443 0.988656 -0.002813 0.000000 0.000000 0.000000 1.000000
0.972441 -0.226242 0.056328 0.077765 0.232020 0.962814 -0.138406 -0.022633 -0.022921 0.147661 0.988772 -0.002813 0.000000 0.000000 0.000000 1.000000
0.972172 -0.227394 0.056339 0.077765 0.233137 0.962696 -0.137342 -0.022635 -0.023006 0.146655 0.988920 -0.002812 0.000000 0.000000 0.000000 1.000000
0.971950 -0.228345 0.056324 0.077764 0.234048 0.962652 -0.136102 -0.022637 -0.023142 0.145467 0.989092 -0.002810 0.000000 0.000000 0.000000 1.000000
0.971772 -0.229113 0.056278 0.077763 0.234769 0.962669 -0.134730 -0.022640 -0.023309 0.144139 0.989283 -0.002809 0.000000 0.000000 0.000000 1.000000
