<?xml version="1.0" encoding="utf-8"?>
<COLLADA xmlns="http://www.collada.org/2005/11/COLLADASchema" version="1.4.1">
  <asset><contributor><author></author><authoring_tool>FBX COLLADA exporter</authoring_tool><comments></comments></contributor><created>2015-02-27T04:58:22Z</created><keywords></keywords><modified>2015-02-27T04:58:22Z</modified><revision></revision><subject></subject><title></title><unit meter="1.000000" name="centimeter"></unit><up_axis>Y_UP</up_axis></asset>
  <library_animations>
    <animation id="Bip001-anim" name="Bip001"><animation><source id="Bip001-Matrix-animation-input"><float_array id="Bip001-Matrix-animation-input-array" count="33">

17.266667 17.300000 17.333333 17.366667 17.400000 17.433333 17.466667 17.500000 17.533333 17.566667 17.600000 17.633333 17.666667 17.700000 17.733333 17.766667
17.800000 17.833333 17.866667 17.900000 17.933333 17.966667 18.000000 18.033333 18.066667 18.100000 18.133333 18.166667 18.200000 18.233333 18.266667 18.300000
18.333333</float_array><technique_common><accessor source="#Bip001-Matrix-animation-input-array" count="33"><param name="TIME" type="float"/></accessor></technique_common></source><source id="Bip001-Matrix-animation-output-transform"><float_array id="Bip001-Matrix-animation-output-transform-array" count="528">

0.000000 1.000000 -0.000000 0.015364 -0.000000 0.000000 1.000000 1.189479 1.000000 -0.000000 0.000000 0.036541 0.000000 0.000000 0.000000 1.000000
0.000000 1.000000 -0.000000 0.017388 -0.000000 0.000000 1.000000 1.189453 1.000000 -0.000000 0.000000 0.041289 0.000000 0.000000 0.000000 1.000000
0.000000 1.000000 -0.000000 0.020716 -0.000000 0.000000 1.000000 1.189466 1.000000 -0.000000 0.000000 0.049821 0.000000 0.000000 0.000000 1.000000
0.000000 1.000000 -0.000000 0.023445 -0.000000 0.000000 1.000000 1.189479 1.000000 -0.000000 0.000000 0.055567 0.000000 0.000000 0.000000 1.000000
0.000000 1.000000 -0.000000 0.025131 -0.000000 0.000000 1.000000 1.189479 1.000000 -0.000000 0.000000 0.057200 0.000000 0.000000 0.000000 1.000000
0.000000 1.000000 -0.000000 0.026626 -0.000000 0.000000 1.000000 1.189479 1.000000 -0.000000 0.000000 0.057919 0.000000 0.000000 0.000000 1.000000
0.000000 1.000000 -0.000000 0.027971 -0.000000 0.000000 1.000000 1.189479 1.000000 -0.000000 0.000000 0.057942 0.000000 0.000000 0.000000 1.000000
0.000000 1.000000 -0.000000 0.029208 -0.000000 0.000000 1.000000 1.189479 1.000000 -0.000000 0.000000 0.057485 0.000000 0.000000 0.000000 1.000000
0.000000 1.000000 -0.000000 0.030379 -0.000000 0.000000 1.000000 1.189479 1.000000 -0.000000 0.000000 0.056765 0.000000 0.000000 0.000000 1.000000
0.000000 1.000000 -0.000000 0.031527 -0.000000 0.000000 1.000000 1.189479 1.000000 -0.000000 0.000000 0.056000 0.000000 0.000000 0.000000 1.000000
0.000000 1.000000 -0.000000 0.033084 -0.000000 0.000000 1.000000 1.189479 1.000000 -0.000000 0.000000 0.055053 0.000000 0.000000 0.000000 1.000000
0.000000 1.000000 -0.000000 0.035104 -0.000000 0.000000 1.000000 1.189479 1.000000 -0.000000 0.000000 0.053723 0.000000 0.000000 0.000000 1.000000
0.000000 1.000000 -0.000000 0.037059 -0.000000 0.000000 1.000000 1.189479 1.000000 -0.000000 0.000000 0.052131 0.000000 0.000000 0.000000 1.000000
0.000000 1.000000 -0.000000 0.038419 -0.000000 0.000000 1.000000 1.189479 1.000000 -0.000000 0.000000 0.050396 0.000000 0.000000 0.000000 1.000000
0.000000 1.000000 -0.000000 0.038656 -0.000000 0.000000 1.000000 1.189479 1.000000 -0.000000 0.000000 0.048638 0.000000 0.000000 0.000000 1.000000
0.000000 1.000000 -0.000000 0.037241 -0.000000 0.000000 1.000000 1.189479 1.000000 -0.000000 0.000000 0.046978 0.000000 0.000000 0.000000 1.000000
0.000000 1.000000 -0.000000 0.033565 -0.000000 0.000000 1.000000 1.189479 1.000000 -0.000000 0.000000 0.045266 0.000000 0.000000 0.000000 1.000000
0.000000 1.000000 -0.000000 0.027936 -0.000000 0.000000 1.000000 1.189479 1.000000 -0.000000 0.000000 0.043362 0.000000 0.000000 0.000000 1.000000
0.000000 1.000000 -0.000000 0.021199 -0.000000 0.000000 1.000000 1.189479 1.000000 -0.000000 0.000000 0.041398 0.000000 0.000000 0.000000 1.000000
0.000000 1.000000 -0.000000 0.014201 -0.000000 0.000000 1.000000 1.189479 1.000000 -0.000000 0.000000 0.039504 0.000000 0.000000 0.000000 1.000000
0.000000 1.000000 -0.000000 0.007788 -0.000000 0.000000 1.000000 1.189479 1.000000 -0.000000 0.000000 0.037814 0.000000 0.000000 0.000000 1.000000
0.000000 1.000000 -0.000000 0.002805 -0.000000 0.000000 1.000000 1.189479 1.000000 -0.000000 0.000000 0.036457 0.000000 0.000000 0.000000 1.000000
0.000000 1.000000 -0.000000 0.000098 -0.000000 0.000000 1.000000 1.189479 1.000000 -0.000000 0.000000 0.035567 0.000000 0.000000 0.000000 1.000000
0.000000 1.000000 -0.000000 -0.000577 -0.000000 0.000000 1.000000 1.189484 1.000000 -0.000000 0.000000 0.035112 0.000000 0.000000 0.000000 1.000000
0.000000 1.000000 -0.000000 -0.000173 -0.000000 0.000000 1.000000 1.189499 1.000000 -0.000000 0.000000 0.034937 0.000000 0.000000 0.000000 1.000000
0.000000 1.000000 -0.000000 0.001087 -0.000000 0.000000 1.000000 1.189518 1.000000 -0.000000 0.000000 0.034983 0.000000 0.000000 0.000000 1.000000
0.000000 1.000000 -0.000000 0.002984 -0.000000 0.000000 1.000000 1.189539 1.000000 -0.000000 0.000000 0.035191 0.000000 0.000000 0.000000 1.000000
0.000000 1.000000 -0.000000 0.005296 -0.000000 0.000000 1.000000 1.189557 1.000000 -0.000000 0.000000 0.035502 0.000000 0.000000 0.000000 1.000000
0.000000 1.000000 -0.000000 0.007803 -0.000000 0.000000 1.000000 1.189569 1.000000 -0.000000 0.000000 0.035857 0.000000 0.000000 0.000000 1.000000
0.000000 1.000000 -0.000000 0.010284 -0.000000 0.000000 1.000000 1.189571 1.000000 -0.000000 0.000000 0.036198 0.000000 0.000000 0.000000 1.000000
0.000000 1.000000 -0.000000 0.012519 -0.000000 0.000000 1.000000 1.189559 1.000000 -0.000000 0.000000 0.036464 0.000000 0.000000 0.000000 1.000000
0.000000 1.000000 -0.000000 0.014285 -0.000000 0.000000 1.000000 1.189530 1.000000 -0.000000 0.000000 0.036598 0.000000 0.000000 0.000000 1.000000
0.000000 1.000000 -0.000000 0.015364 -0.000000 0.000000 1.000000 1.189479 1.000000 -0.000000 0.000000 0.036541 0.000000 0.000000 0.000000 1.000000</float_array><technique_common><accessor source="#Bip001-Matrix-animation-output-transform-array" count="33" stride="16"><param type="float4x4"/></accessor></technique_common></source><source id="Bip001-Interpolations"><Name_array id="Bip001-Interpolations-array" count="33">
 LINEAR LINEAR LINEAR LINEAR LINEAR LINEAR LINEAR LINEAR LINEAR LINEAR LINEAR
LINEAR LINEAR LINEAR LINEAR LINEAR LINEAR LINEAR LINEAR LINEAR LINEAR LINEAR LINEAR
LINEAR LINEAR LINEAR LINEAR LINEAR LINEAR LINEAR LINEAR LINEAR LINEAR</Name_array><technique_common><accessor source="#Bip001-Interpolations-array" count="33"><param type="name"/></accessor></technique_common></source><sampler id="Bip001-Matrix-animation-transform"><input semantic="INPUT" source="#Bip001-Matrix-animation-input"/><input semantic="OUTPUT" source="#Bip001-Matrix-animation-output-transform"/><input semantic="INTERPOLATION" source="#Bip001-Interpolations"/></sampler><channel source="#Bip001-Matrix-animation-transform" target="Bip001/matrix"/></animation></animation>
    <animation id="Bip001Pelvis-anim" name="Bip001Pelvis"><animation><source id="Bip001Pelvis-Matrix-animation-input"><float_array id="Bip001Pelvis-Matrix-animation-input-array" count="33">

17.266667 17.300000 17.333333 17.366667 17.400000 17.433333 17.466667 17.500000 17.533333 17.566667 17.600000 17.633333 17.666667 17.700000 17.733333 17.766667
17.800000 17.833333 17.866667 17.900000 17.933333 17.966667 18.000000 18.033333 18.066667 18.100000 18.133333 18.166667 18.200000 18.233333 18.266667 18.300000
18.333333</float_array><technique_common><accessor source="#Bip001Pelvis-Matrix-animation-input-array" count="33"><param name="TIME" type="float"/></accessor></technique_common></source><source id="Bip001Pelvis-Matrix-animation-output-transform"><float_array id="Bip001Pelvis-Matrix-animation-output-transform-array" count="528">

-0.000000 1.000000 -0.000001 0.000000 0.033323 0.000001 0.999445 0.000000 0.999445 -0.000000 -0.033323 0.000000 0.000000 0.000000 0.000000 1.000000
0.000001 0.999995 0.003069 0.000000 0.033520 -0.003067 0.999433 0.000000 0.999438 0.000102 -0.033520 0.000000 0.000000 0.000000 0.000000 1.000000
0.000004 0.999945 0.010463 0.000000 0.033690 -0.010457 0.999378 0.000000 0.999432 0.000349 -0.033688 0.000000 0.000000 0.000000 0.000000 1.000000
0.000011 0.999781 0.020928 0.000000 0.033833 -0.020917 0.999209 0.000000 0.999427 0.000697 -0.033826 0.000000 0.000000 0.000000 0.000000 1.000000
0.000021 0.999448 0.033212 0.000000 0.033952 -0.033194 0.998872 0.000000 0.999423 0.001107 -0.033934 0.000000 0.000000 0.000000 0.000000 1.000000
0.000033 0.998939 0.046061 0.000000 0.034047 -0.046036 0.998359 0.000000 0.999420 0.001535 -0.034012 0.000000 0.000000 0.000000 0.000000 1.000000
0.000046 0.998304 0.058223 0.000000 0.034120 -0.058191 0.997722 0.000000 0.999418 0.001940 -0.034065 0.000000 0.000000 0.000000 0.000000 1.000000
0.000058 0.997654 0.068451 0.000000 0.034174 -0.068413 0.997072 0.000000 0.999416 0.002281 -0.034097 0.000000 0.000000 0.000000 0.000000 1.000000
0.000067 0.997146 0.075499 0.000000 0.034208 -0.075457 0.996562 0.000000 0.999415 0.002516 -0.034116 0.000000 0.000000 0.000000 0.000000 1.000000
0.000071 0.996944 0.078124 0.000000 0.034226 -0.078081 0.996359 0.000000 0.999414 0.002603 -0.034127 0.000000 0.000000 0.000000 0.000000 1.000000
0.000071 0.996976 0.077714 0.000000 0.034229 -0.077671 0.996391 0.000000 0.999414 0.002590 -0.034131 0.000000 0.000000 0.000000 0.000000 1.000000
0.000069 0.997067 0.076530 0.000000 0.034217 -0.076487 0.996483 0.000000 0.999414 0.002550 -0.034122 0.000000 0.000000 0.000000 0.000000 1.000000
0.000065 0.997210 0.074644 0.000000 0.034193 -0.074602 0.996627 0.000000 0.999415 0.002487 -0.034103 0.000000 0.000000 0.000000 0.000000 1.000000
0.000060 0.997395 0.072128 0.000000 0.034158 -0.072087 0.996813 0.000000 0.999416 0.002404 -0.034074 0.000000 0.000000 0.000000 0.000000 1.000000
0.000055 0.997613 0.069053 0.000000 0.034114 -0.069014 0.997032 0.000000 0.999418 0.002301 -0.034036 0.000000 0.000000 0.000000 0.000000 1.000000
0.000048 0.997853 0.065490 0.000000 0.034061 -0.065454 0.997274 0.000000 0.999420 0.002182 -0.033991 0.000000 0.000000 0.000000 0.000000 1.000000
0.000042 0.998106 0.061513 0.000000 0.034002 -0.061478 0.997529 0.000000 0.999422 0.002050 -0.033940 0.000000 0.000000 0.000000 0.000000 1.000000
0.000035 0.998363 0.057190 0.000000 0.033938 -0.057159 0.997788 0.000000 0.999424 0.001906 -0.033884 0.000000 0.000000 0.000000 0.000000 1.000000
0.000029 0.998616 0.052596 0.000000 0.033870 -0.052567 0.998043 0.000000 0.999426 0.001753 -0.033825 0.000000 0.000000 0.000000 0.000000 1.000000
0.000023 0.998857 0.047801 0.000000 0.033800 -0.047775 0.998286 0.000000 0.999429 0.001593 -0.033763 0.000000 0.000000 0.000000 0.000000 1.000000
0.000017 0.999080 0.042878 0.000000 0.033730 -0.042854 0.998512 0.000000 0.999431 0.001429 -0.033700 0.000000 0.000000 0.000000 0.000000 1.000000
0.000013 0.999282 0.037897 0.000000 0.033661 -0.037876 0.998715 0.000000 0.999433 0.001263 -0.033637 0.000000 0.000000 0.000000 0.000000 1.000000
0.000009 0.999458 0.032933 0.000000 0.033594 -0.032914 0.998893 0.000000 0.999436 0.001097 -0.033576 0.000000 0.000000 0.000000 0.000000 1.000000
0.000006 0.999606 0.028055 0.000000 0.033531 -0.028039 0.999044 0.000000 0.999438 0.000935 -0.033518 0.000000 0.000000 0.000000 0.000000 1.000000
0.000003 0.999728 0.023337 0.000000 0.033474 -0.023324 0.999167 0.000000 0.999440 0.000778 -0.033465 0.000000 0.000000 0.000000 0.000000 1.000000
0.000002 0.999822 0.018852 0.000000 0.033423 -0.018841 0.999264 0.000000 0.999441 0.000628 -0.033417 0.000000 0.000000 0.000000 0.000000 1.000000
0.000001 0.999892 0.014669 0.000000 0.033382 -0.014661 0.999335 0.000000 0.999443 0.000489 -0.033378 0.000000 0.000000 0.000000 0.000000 1.000000
0.000000 0.999941 0.010863 0.000000 0.033350 -0.010857 0.999385 0.000000 0.999444 0.000362 -0.033348 0.000000 0.000000 0.000000 0.000000 1.000000
0.000000 0.999972 0.007506 0.000000 0.033330 -0.007502 0.999416 0.000000 0.999444 0.000250 -0.033329 0.000000 0.000000 0.000000 0.000000 1.000000
-0.000000 0.999989 0.004669 0.000000 0.033323 -0.004666 0.999434 0.000000 0.999445 0.000156 -0.033322 0.000000 0.000000 0.000000 0.000000 1.000000
-0.000000 0.999997 0.002424 0.000000 0.033323 -0.002422 0.999442 0.000000 0.999445 0.000081 -0.033323 0.000000 0.000000 0.000000 0.000000 1.000000
-0.000000 1.000000 0.000843 0.000000 0.033323 -0.000842 0.999444 0.000000 0.999445 0.000028 -0.033323 0.000000 0.000000 0.000000 0.000000 1.000000
-0.000000 1.000000 -0.000001 0.000000 0.033323 0.000001 0.999445 0.000000 0.999445 -0.000000 -0.033323 0.000000 0.000000 0.000000 0.000000 1.000000</float_array><technique_common><accessor source="#Bip001Pelvis-Matrix-animation-output-transform-array" count="33" stride="16"><param type="float4x4"/></accessor></technique_common></source><source id="Bip001Pelvis-Interpolations"><Name_array id="Bip001Pelvis-Interpolations-array" count="33">
 LINEAR LINEAR LINEAR LINEAR LINEAR LINEAR LINEAR LINEAR LINEAR LINEAR LINEAR
LINEAR LINEAR LINEAR LINEAR LINEAR LINEAR LINEAR LINEAR LINEAR LINEAR LINEAR LINEAR
LINEAR LINEAR LINEAR LINEAR LINEAR LINEAR LINEAR LINEAR LINEAR LINEAR</Name_array><technique_common><accessor source="#Bip001Pelvis-Interpolations-array" count="33"><param type="name"/></accessor></technique_common></source><sampler id="Bip001Pelvis-Matrix-animation-transform"><input semantic="INPUT" source="#Bip001Pelvis-Matrix-animation-input"/><input semantic="OUTPUT" source="#Bip001Pelvis-Matrix-animation-output-transform"/><input semantic="INTERPOLATION" source="#Bip001Pelvis-Interpolations"/></sampler><channel source="#Bip001Pelvis-Matrix-animation-transform" target="Bip001Pelvis/matrix"/></animation></animation>
    <animation id="Bip001Spine-anim" name="Bip001Spine"><animation><source id="Bip001Spine-Matrix-animation-input"><float_array id="Bip001Spine-Matrix-animation-input-array" count="33">

17.266667 17.300000 17.333333 17.366667 17.400000 17.433333 17.466667 17.500000 17.533333 17.566667 17.600000 17.633333 17.666667 17.700000 17.733333 17.766667
17.800000 17.833333 17.866667 17.900000 17.933333 17.966667 18.000000 18.033333 18.066667 18.100000 18.133333 18.166667 18.200000 18.233333 18.266667 18.300000
18.333333</float_array><technique_common><accessor source="#Bip001Spine-Matrix-animation-input-array" count="33"><param name="TIME" type="float"/></accessor></technique_common></source><source id="Bip001Spine-Matrix-animation-output-transform"><float_array id="Bip001Spine-Matrix-animation-output-transform-array" count="528">

0.992173 -0.105439 0.066903 0.077658 0.105439 0.994419 0.003544 -0.022978 -0.066903 0.003538 0.997753 -0.002589 0.000000 0.000000 0.000000 1.000000
0.992189 -0.106460 0.065018 0.077658 0.106403 0.994314 0.004353 -0.022970 -0.065111 0.002599 0.997875 -0.002675 0.000000 0.000000 0.000000 1.000000
0.992167 -0.107594 0.063472 0.077657 0.107402 0.994195 0.006440 -0.022950 -0.063796 0.000427 0.997963 -0.002856 0.000000 0.000000 0.000000 1.000000
0.992126 -0.108693 0.062232 0.077657 0.108443 0.994075 0.007393 -0.022919 -0.062667 -0.000587 0.998034 -0.003106 0.000000 0.000000 0.000000 1.000000
0.992052 -0.109655 0.061714 0.077657 0.109526 0.993969 0.005480 -0.022879 -0.061943 0.001322 0.998079 -0.003396 0.000000 0.000000 0.000000 1.000000
0.991935 -0.110523 0.062049 0.077656 0.110654 0.993858 0.001342 -0.022834 -0.061816 0.005534 0.998072 -0.003696 0.000000 0.000000 0.000000 1.000000
0.991790 -0.111373 0.062842 0.077656 0.111836 0.993719 -0.003894 -0.022788 -0.062014 0.010890 0.998016 -0.003979 0.000000 0.000000 0.000000 1.000000
0.991636 -0.112232 0.063729 0.077656 0.113026 0.993551 -0.008977 -0.022747 -0.062310 0.016105 0.997927 -0.004216 0.000000 0.000000 0.000000 1.000000
0.991512 -0.112941 0.064401 0.077655 0.113929 0.993418 -0.011885 -0.022717 -0.062635 0.019121 0.997853 -0.004379 0.000000 0.000000 0.000000 1.000000
0.991463 -0.113284 0.064566 0.077655 0.114187 0.993404 -0.010454 -0.022706 -0.062956 0.017738 0.997859 -0.004439 0.000000 0.000000 0.000000 1.000000
0.991453 -0.113376 0.064559 0.077655 0.114032 0.993455 -0.006565 -0.022707 -0.063393 0.013871 0.997892 -0.004430 0.000000 0.000000 0.000000 1.000000
0.991452 -0.113466 0.064408 0.077655 0.113917 0.993485 -0.003376 -0.022713 -0.063605 0.010684 0.997918 -0.004402 0.000000 0.000000 0.000000 1.000000
0.991468 -0.113526 0.064057 0.077655 0.113797 0.993504 -0.000581 -0.022721 -0.063575 0.007865 0.997946 -0.004357 0.000000 0.000000 0.000000 1.000000
0.991506 -0.113530 0.063451 0.077656 0.113626 0.993521 0.002105 -0.022731 -0.063279 0.005123 0.997983 -0.004297 0.000000 0.000000 0.000000 1.000000
0.991574 -0.113450 0.062532 0.077656 0.113362 0.993541 0.004956 -0.022744 -0.062691 0.002174 0.998031 -0.004223 0.000000 0.000000 0.000000 1.000000
0.991677 -0.113254 0.061235 0.077656 0.112960 0.993565 0.008250 -0.022759 -0.061775 -0.001264 0.998089 -0.004138 0.000000 0.000000 0.000000 1.000000
0.991840 -0.112707 0.059586 0.077656 0.112248 0.993619 0.010998 -0.022775 -0.060445 -0.004220 0.998163 -0.004043 0.000000 0.000000 0.000000 1.000000
0.992066 -0.111792 0.057522 0.077657 0.111283 0.993717 0.011987 -0.022792 -0.058501 -0.005491 0.998272 -0.003939 0.000000 0.000000 0.000000 1.000000
0.992325 -0.110789 0.054918 0.077657 0.110344 0.993832 0.011088 -0.022810 -0.055808 -0.004943 0.998429 -0.003830 0.000000 0.000000 0.000000 1.000000
0.992592 -0.109884 0.051843 0.077657 0.109582 0.993940 0.008642 -0.022828 -0.052479 -0.002896 0.998618 -0.003715 0.000000 0.000000 0.000000 1.000000
0.992844 -0.109060 0.048639 0.077657 0.108936 0.994035 0.005202 -0.022846 -0.048916 0.000134 0.998803 -0.003598 0.000000 0.000000 0.000000 1.000000
0.993074 -0.108293 0.045561 0.077657 0.108367 0.994110 0.000841 -0.022863 -0.045384 0.004102 0.998961 -0.003480 0.000000 0.000000 0.000000 1.000000
0.993274 -0.107562 0.042870 0.077658 0.107848 0.994158 -0.004401 -0.022880 -0.042146 0.008995 0.999071 -0.003362 0.000000 0.000000 0.000000 1.000000
0.993427 -0.106869 0.041014 0.077658 0.107376 0.994164 -0.010360 -0.022896 -0.039667 0.014696 0.999105 -0.003247 0.000000 0.000000 0.000000 1.000000
0.993529 -0.106261 0.040114 0.077658 0.106939 0.994150 -0.015161 -0.022911 -0.038268 0.019352 0.999080 -0.003136 0.000000 0.000000 0.000000 1.000000
0.993583 -0.105801 0.039994 0.077658 0.106516 0.994179 -0.016185 -0.022925 -0.038049 0.020341 0.999069 -0.003029 0.000000 0.000000 0.000000 1.000000
0.993558 -0.105390 0.041663 0.077658 0.106044 0.994266 -0.013811 -0.022937 -0.039968 0.018141 0.999036 -0.002931 0.000000 0.000000 0.000000 1.000000
0.993433 -0.104943 0.045577 0.077658 0.105526 0.994360 -0.010592 -0.022948 -0.044209 0.015332 0.998905 -0.002841 0.000000 0.000000 0.000000 1.000000
0.993221 -0.104553 0.050808 0.077658 0.105038 0.994444 -0.006960 -0.022958 -0.049798 0.012249 0.998684 -0.002762 0.000000 0.000000 0.000000 1.000000
0.992941 -0.104314 0.056458 0.077658 0.104667 0.994502 -0.003328 -0.022966 -0.055800 0.009214 0.998400 -0.002696 0.000000 0.000000 0.000000 1.000000
0.992633 -0.104317 0.061632 0.077658 0.104521 0.994523 -0.000098 -0.022972 -0.061284 0.006539 0.998099 -0.002645 0.000000 0.000000 0.000000 1.000000
0.992354 -0.104658 0.065424 0.077658 0.104731 0.994498 0.002329 -0.022976 -0.065308 0.004541 0.997855 -0.002609 0.000000 0.000000 0.000000 1.000000
0.992173 -0.105439 0.066903 0.077658 0.105439 0.994419 0.003544 -0.022978 -0.066903 0.003538 0.997753 -0.002589 0.000000 0.000000 0.000000 1.000000</float_array><technique_common><accessor source="#Bip001Spine-Matrix-animation-output-transform-array" count="33" stride="16"><param type="float4x4"/></accessor></technique_common></source><source id="Bip001Spine-Interpolations"><Name_array id="Bip001Spine-Interpolations-array" count="33">
 LINEAR LINEAR LINEAR LINEAR LINEAR LINEAR LINEAR LINEAR LINEAR LINEAR LINEAR
LINEAR LINEAR LINEAR LINEAR LINEAR LINEAR LINEAR LINEAR LINEAR LINEAR LINEAR LINEAR
LINEAR LINEAR LINEAR LINEAR LINEAR LINEAR LINEAR LINEAR LINEAR LINEAR</Name_array><technique_common><accessor source="#Bip001Spine-Interpolations-array" count="33"><param type="name"/></accessor></technique_common></source><sampler id="Bip001Spine-Matrix-animation-transform"><input semantic="INPUT" source="#Bip001Spine-Matrix-animation-input"/><input semantic="OUTPUT" source="#Bip001Spine-Matrix-animation-output-transform"/><input semantic="INTERPOLATION" source="#Bip001Spine-Interpolations"/></sampler><channel source="#Bip001Spine-Matrix-animation-transform" target="Bip001Spine/matrix"/></animation></animation>
    <animation id="Bip001Spine1-anim" name="Bip001Spine1"><animation><source id="Bip001Spine1-Matrix-animation-input"><float_array id="Bip001Spine1-Matrix-animation-input-array" count="33">

17.266667 17.300000 17.333333 17.366667 17.400000 17.433333 17.466667 17.500000 17.533333 17.566667 17.600000 17.633333 17.666667 17.700000 17.733333 17.766667
17.800000 17.833333 17.866667 17.900000 17.933333 17.966667 18.000000 18.033333 18.066667 18.100000 18.133333 18.166667 18.200000 18.233333 18.266667 18.300000
18.333333</float_array><technique_common><accessor source="#Bip001Spine1-Matrix-animation-input-array" count="33"><param name="TIME" type="float"/></accessor></technique_common></source><source id="Bip001Spine1-Matrix-animation-output-transform"><float_array id="Bip001Spine1-Matrix-animation-output-transform-array" count="528">

0.992815 0.116556 -0.027066 0.146299 -0.117399 0.992570 -0.031982 -0.000139 0.023137 0.034930 0.999122 -0.000005 0.000000 0.000000 0.000000 1.000000
0.991919 0.124419 -0.024841 0.146297 -0.125074 0.991786 -0.026792 -0.000139 0.021303 0.029682 0.999332 -0.000004 0.000000 0.000000 0.000000 1.000000
0.990281 0.137295 -0.022233 0.146296 -0.137744 0.990265 -0.020066 -0.000139 0.019262 0.022934 0.999551 -0.000003 0.000000 0.000000 0.000000 1.000000
0.988709 0.148542 -0.019750 0.146294 -0.148808 0.988784 -0.012763 -0.000139 0.017633 0.015557 0.999723 -0.000002 0.000000 0.000000 0.000000 1.000000
0.988055 0.153046 -0.017974 0.146293 -0.153167 0.988185 -0.005563 -0.000139 0.016910 0.008250 0.999823 -0.000001 0.000000 0.000000 0.000000 1.000000
0.988198 0.152245 -0.016905 0.146294 -0.152236 0.988343 0.001792 -0.000139 0.016981 0.000802 0.999855 -0.000000 0.000000 0.000000 0.000000 1.000000
0.988707 0.148960 -0.016417 0.146294 -0.148823 0.988821 0.009263 -0.000139 0.017614 -0.006715 0.999822 0.000001 0.000000 0.000000 0.000000 1.000000
0.989249 0.145298 -0.016561 0.146295 -0.145032 0.989293 0.016293 -0.000139 0.018751 -0.013716 0.999730 0.000002 0.000000 0.000000 0.000000 1.000000
0.989641 0.142490 -0.017546 0.146295 -0.142084 0.989598 0.022529 -0.000139 0.020574 -0.019802 0.999592 0.000003 0.000000 0.000000 0.000000 1.000000
0.989777 0.141348 -0.019064 0.146295 -0.140794 0.989649 0.027792 -0.000139 0.022795 -0.024824 0.999432 0.000003 0.000000 0.000000 0.000000 1.000000
0.989707 0.141592 -0.020789 0.146295 -0.140887 0.989503 0.032146 -0.000139 0.025122 -0.028886 0.999267 0.000004 0.000000 0.000000 0.000000 1.000000
0.989564 0.142324 -0.022512 0.146295 -0.141469 0.989292 0.035886 -0.000139 0.027378 -0.032327 0.999102 0.000005 0.000000 0.000000 0.000000 1.000000
0.989354 0.143511 -0.024153 0.146295 -0.142516 0.989030 0.038842 -0.000139 0.029462 -0.034987 0.998954 0.000005 0.000000 0.000000 0.000000 1.000000
0.989081 0.145106 -0.025745 0.146295 -0.144015 0.988763 0.040105 -0.000139 0.031275 -0.035959 0.998864 0.000005 0.000000 0.000000 0.000000 1.000000
0.988750 0.147100 -0.027129 0.146294 -0.145960 0.988478 0.040080 -0.000139 0.032712 -0.035669 0.998828 0.000005 0.000000 0.000000 0.000000 1.000000
0.988362 0.149534 -0.027931 0.146294 -0.148349 0.988103 0.040554 -0.000139 0.033663 -0.035938 0.998787 0.000005 0.000000 0.000000 0.000000 1.000000
0.988071 0.151491 -0.027677 0.146294 -0.150193 0.987671 0.044138 -0.000139 0.034023 -0.039454 0.998642 0.000006 0.000000 0.000000 0.000000 1.000000
0.988050 0.151622 -0.027707 0.146294 -0.150313 0.987640 0.044414 -0.000139 0.034099 -0.039719 0.998629 0.000006 0.000000 0.000000 0.000000 1.000000
0.988346 0.149433 -0.029005 0.146294 -0.148451 0.988352 0.033491 -0.000139 0.033671 -0.028795 0.999018 0.000004 0.000000 0.000000 0.000000 1.000000
0.988910 0.145315 -0.030670 0.146295 -0.144886 0.989322 0.015786 -0.000139 0.032637 -0.011168 0.999405 0.000002 0.000000 0.000000 0.000000 1.000000
0.989611 0.140252 -0.031626 0.146295 -0.140429 0.990085 -0.003425 -0.000139 0.030832 0.007831 0.999494 -0.000001 0.000000 0.000000 0.000000 1.000000
0.990387 0.134795 -0.031031 0.146296 -0.135475 0.990559 -0.020956 -0.000139 0.027913 0.024958 0.999299 -0.000004 0.000000 0.000000 0.000000 1.000000
0.991181 0.129561 -0.027816 0.146297 -0.130412 0.990965 -0.031336 -0.000139 0.023505 0.034687 0.999122 -0.000005 0.000000 0.000000 0.000000 1.000000
0.991902 0.125120 -0.021795 0.146297 -0.125846 0.991399 -0.035923 -0.000139 0.017113 0.038375 0.999117 -0.000005 0.000000 0.000000 0.000000 1.000000
0.992421 0.121854 -0.015864 0.146298 -0.122408 0.991650 -0.040587 -0.000139 0.010785 0.042221 0.999050 -0.000006 0.000000 0.000000 0.000000 1.000000
0.992674 0.120099 -0.013210 0.146298 -0.120566 0.991757 -0.043386 -0.000139 0.007890 0.044661 0.998971 -0.000006 0.000000 0.000000 0.000000 1.000000
0.992751 0.119395 -0.013786 0.146298 -0.119870 0.991929 -0.041315 -0.000139 0.008742 0.042669 0.999051 -0.000006 0.000000 0.000000 0.000000 1.000000
0.992778 0.118953 -0.015569 0.146298 -0.119469 0.992110 -0.038010 -0.000139 0.010925 0.039596 0.999156 -0.000006 0.000000 0.000000 0.000000 1.000000
0.992770 0.118612 -0.018433 0.146298 -0.119228 0.992176 -0.037020 -0.000139 0.013898 0.038950 0.999144 -0.000005 0.000000 0.000000 0.000000 1.000000
0.992744 0.118292 -0.021579 0.146298 -0.119018 0.992232 -0.036190 -0.000139 0.017130 0.038495 0.999112 -0.000005 0.000000 0.000000 0.000000 1.000000
0.992725 0.117921 -0.024334 0.146298 -0.118716 0.992335 -0.034327 -0.000139 0.020100 0.036966 0.999114 -0.000005 0.000000 0.000000 0.000000 1.000000
0.992738 0.117381 -0.026319 0.146299 -0.118214 0.992450 -0.032682 -0.000139 0.022284 0.035556 0.999119 -0.000005 0.000000 0.000000 0.000000 1.000000
0.992815 0.116556 -0.027066 0.146299 -0.117399 0.992570 -0.031982 -0.000139 0.023137 0.034930 0.999122 -0.000005 0.000000 0.000000 0.000000 1.000000</float_array><technique_common><accessor source="#Bip001Spine1-Matrix-animation-output-transform-array" count="33" stride="16"><param type="float4x4"/></accessor></technique_common></source><source id="Bip001Spine1-Interpolations"><Name_array id="Bip001Spine1-Interpolations-array" count="33">
 LINEAR LINEAR LINEAR LINEAR LINEAR LINEAR LINEAR LINEAR LINEAR LINEAR LINEAR
LINEAR LINEAR LINEAR LINEAR LINEAR LINEAR LINEAR LINEAR LINEAR LINEAR LINEAR LINEAR
LINEAR LINEAR LINEAR LINEAR LINEAR LINEAR LINEAR LINEAR LINEAR LINEAR</Name_array><technique_common><accessor source="#Bip001Spine1-Interpolations-array" count="33"><param type="name"/></accessor></technique_common></source><sampler id="Bip001Spine1-Matrix-animation-transform"><input semantic="INPUT" source="#Bip001Spine1-Matrix-animation-input"/><input semantic="OUTPUT" source="#Bip001Spine1-Matrix-animation-output-transform"/><input semantic="INTERPOLATION" source="#Bip001Spine1-Interpolations"/></sampler><channel source="#Bip001Spine1-Matrix-animation-transform" target="Bip001Spine1/matrix"/></animation></animation>
    <animation id="Bip001Spine2-anim" name="Bip001Spine2"><animation><source id="Bip001Spine2-Matrix-animation-input"><float_array id="Bip001Spine2-Matrix-animation-input-array" count="33">

17.266667 17.300000 17.333333 17.366667 17.400000 17.433333 17.466667 17.500000 17.533333 17.566667 17.600000 17.633333 17.666667 17.700000 17.733333 17.766667
17.800000 17.833333 17.866667 17.900000 17.933333 17.966667 18.000000 18.033333 18.066667 18.100000 18.133333 18.166667 18.200000 18.233333 18.266667 18.300000
18.333333</float_array><technique_common><accessor source="#Bip001Spine2-Matrix-animation-input-array" count="33"><param name="TIME" type="float"/></accessor></technique_common></source><source id="Bip001Spine2-Matrix-animation-output-transform"><float_array id="Bip001Spine2-Matrix-animation-output-transform-array" count="528">

0.988356 0.149568 -0.027959 0.176425 -0.149507 0.988751 0.004252 -0.000208 0.028280 -0.000023 0.999600 0.000000 0.000000 0.000000 0.000000 1.000000
0.987162 0.157405 -0.027109 0.176423 -0.157243 0.987527 0.008005 -0.000208 0.028030 -0.003639 0.999601 0.000001 0.000000 0.000000 0.000000 1.000000
0.985456 0.168031 -0.025332 0.176421 -0.167724 0.985737 0.013816 -0.000207 0.027292 -0.009367 0.999584 0.000002 0.000000 0.000000 0.000000 1.000000
0.983577 0.179004 -0.023131 0.176419 -0.178544 0.983716 0.020608 -0.000207 0.026443 -0.016140 0.999520 0.000003 0.000000 0.000000 0.000000 1.000000
0.981881 0.188325 -0.021051 0.176417 -0.187720 0.981829 0.027784 -0.000206 0.025901 -0.023329 0.999392 0.000005 0.000000 0.000000 0.000000 1.000000
0.980458 0.195850 -0.018549 0.176415 -0.195054 0.980060 0.037891 -0.000206 0.025600 -0.033532 0.999110 0.000007 0.000000 0.000000 0.000000 1.000000
0.979319 0.201720 -0.015611 0.176414 -0.200735 0.978384 0.049698 -0.000206 0.025299 -0.045537 0.998642 0.000010 0.000000 0.000000 0.000000 1.000000
0.978476 0.205947 -0.013107 0.176413 -0.204863 0.977046 0.058416 -0.000205 0.024837 -0.054473 0.998206 0.000011 0.000000 0.000000 0.000000 1.000000
0.977949 0.208522 -0.011549 0.176412 -0.207414 0.976232 0.062848 -0.000205 0.024380 -0.059067 0.997956 0.000012 0.000000 0.000000 0.000000 1.000000
0.977774 0.209387 -0.010746 0.176412 -0.208265 0.975888 0.065336 -0.000205 0.024167 -0.061646 0.997805 0.000013 0.000000 0.000000 0.000000 1.000000
0.977941 0.208613 -0.010566 0.176412 -0.207477 0.975981 0.066448 -0.000205 0.024175 -0.062790 0.997734 0.000013 0.000000 0.000000 0.000000 1.000000
0.978424 0.206331 -0.010719 0.176413 -0.205183 0.976448 0.066706 -0.000205 0.024230 -0.063067 0.997715 0.000013 0.000000 0.000000 0.000000 1.000000
0.979229 0.202448 -0.011210 0.176413 -0.201288 0.977288 0.066266 -0.000205 0.024371 -0.062633 0.997739 0.000013 0.000000 0.000000 0.000000 1.000000
0.980359 0.196828 -0.012417 0.176415 -0.195675 0.978616 0.063422 -0.000206 0.024635 -0.059747 0.997909 0.000013 0.000000 0.000000 0.000000 1.000000
0.981810 0.189330 -0.014218 0.176416 -0.188202 0.980372 0.058741 -0.000206 0.025060 -0.054997 0.998172 0.000012 0.000000 0.000000 0.000000 1.000000
0.983568 0.179831 -0.015937 0.176418 -0.178699 0.982322 0.055773 -0.000206 0.025685 -0.052009 0.998316 0.000011 0.000000 0.000000 0.000000 1.000000
0.985744 0.167415 -0.016731 0.176421 -0.166166 0.984315 0.059265 -0.000207 0.026390 -0.055640 0.998102 0.000012 0.000000 0.000000 0.000000 1.000000
0.988026 0.153172 -0.018540 0.176424 -0.151891 0.986723 0.057501 -0.000207 0.027102 -0.053997 0.998173 0.000011 0.000000 0.000000 0.000000 1.000000
0.990097 0.138498 -0.022925 0.176427 -0.137573 0.989765 0.037919 -0.000208 0.027942 -0.034389 0.999018 0.000007 0.000000 0.000000 0.000000 1.000000
0.991792 0.124865 -0.027517 0.176430 -0.124540 0.992126 0.013232 -0.000209 0.028953 -0.009697 0.999534 0.000002 0.000000 0.000000 0.000000 1.000000
0.993109 0.112966 -0.031212 0.176432 -0.113288 0.993524 -0.008743 -0.000209 0.030022 0.012218 0.999475 -0.000003 0.000000 0.000000 0.000000 1.000000
0.994060 0.103435 -0.033859 0.176435 -0.104317 0.994220 -0.025405 -0.000209 0.031036 0.028786 0.999104 -0.000006 0.000000 0.000000 0.000000 1.000000
0.994658 0.097178 -0.034828 0.176435 -0.098185 0.994761 -0.028474 -0.000209 0.031878 0.031741 0.998988 -0.000007 0.000000 0.000000 0.000000 1.000000
0.994834 0.095262 -0.035082 0.176436 -0.096212 0.995009 -0.026469 -0.000209 0.032385 0.029707 0.999034 -0.000006 0.000000 0.000000 0.000000 1.000000
0.994730 0.096037 -0.035902 0.176436 -0.097213 0.994730 -0.032574 -0.000209 0.032584 0.035892 0.998824 -0.000008 0.000000 0.000000 0.000000 1.000000
0.994631 0.096826 -0.036535 0.176436 -0.098213 0.994428 -0.038315 -0.000209 0.032621 0.041697 0.998598 -0.000009 0.000000 0.000000 0.000000 1.000000
0.994332 0.100071 -0.035909 0.176435 -0.101269 0.994303 -0.033247 -0.000209 0.032378 0.036695 0.998802 -0.000008 0.000000 0.000000 0.000000 1.000000
0.993530 0.108182 -0.034558 0.176433 -0.109037 0.993750 -0.023897 -0.000209 0.031757 0.027510 0.999117 -0.000006 0.000000 0.000000 0.000000 1.000000
0.992352 0.118856 -0.033323 0.176431 -0.119505 0.992667 -0.018203 -0.000209 0.030916 0.022046 0.999279 -0.000005 0.000000 0.000000 0.000000 1.000000
0.990964 0.130278 -0.031890 0.176429 -0.130727 0.991341 -0.012397 -0.000208 0.029998 0.016454 0.999415 -0.000003 0.000000 0.000000 0.000000 1.000000
0.989612 0.140578 -0.030105 0.176427 -0.140779 0.990030 -0.004649 -0.000208 0.029151 0.008839 0.999536 -0.000002 0.000000 0.000000 0.000000 1.000000
0.988619 0.147700 -0.028594 0.176425 -0.147713 0.989029 0.001658 -0.000208 0.028525 0.002585 0.999590 -0.000001 0.000000 0.000000 0.000000 1.000000
0.988356 0.149568 -0.027959 0.176425 -0.149507 0.988752 0.004252 -0.000208 0.028280 -0.000023 0.999600 0.000000 0.000000 0.000000 0.000000 1.000000</float_array><technique_common><accessor source="#Bip001Spine2-Matrix-animation-output-transform-array" count="33" stride="16"><param type="float4x4"/></accessor></technique_common></source><source id="Bip001Spine2-Interpolations"><Name_array id="Bip001Spine2-Interpolations-array" count="33">
 LINEAR LINEAR LINEAR LINEAR LINEAR LINEAR LINEAR LINEAR LINEAR LINEAR LINEAR
LINEAR LINEAR LINEAR LINEAR LINEAR LINEAR LINEAR LINEAR LINEAR LINEAR LINEAR LINEAR
LINEAR LINEAR LINEAR LINEAR LINEAR LINEAR LINEAR LINEAR LINEAR LINEAR</Name_array><technique_common><accessor source="#Bip001Spine2-Interpolations-array" count="33"><param type="name"/></accessor></technique_common></source><sampler id="Bip001Spine2-Matrix-animation-transform"><input semantic="INPUT" source="#Bip001Spine2-Matrix-animation-input"/><input semantic="OUTPUT" source="#Bip001Spine2-Matrix-animation-output-transform"/><input semantic="INTERPOLATION" source="#Bip001Spine2-Interpolations"/></sampler><channel source="#Bip001Spine2-Matrix-animation-transform" target="Bip001Spine2/matrix"/></animation></animation>
    <animation id="Bip001Neck-anim" name="Bip001Neck"><animation><source id="Bip001Neck-Matrix-animation-input"><float_array id="Bip001Neck-Matrix-animation-input-array" count="33">

17.266667 17.300000 17.333333 17.366667 17.400000 17.433333 17.466667 17.500000 17.533333 17.566667 17.600000 17.633333 17.666667 17.700000 17.733333 17.766667
17.800000 17.833333 17.866667 17.900000 17.933333 17.966667 18.000000 18.033333 18.066667 18.100000 18.133333 18.166667 18.200000 18.233333 18.266667 18.300000
18.333333</float_array><technique_common><accessor source="#Bip001Neck-Matrix-animation-input-array" count="33"><param name="TIME" type="float"/></accessor></technique_common></source><source id="Bip001Neck-Matrix-animation-output-transform"><float_array id="Bip001Neck-Matrix-animation-output-transform-array" count="528">

0.999357 0.000842 -0.035847 0.261356 0.001948 0.996972 0.077730 -0.028773 0.035804 -0.077750 0.996330 0.000003 0.000000 0.000000 0.000000 1.000000
0.999358 0.000743 -0.035825 0.261356 0.002043 0.996977 0.077673 -0.028773 0.035774 -0.077696 0.996335 0.000003 0.000000 0.000000 0.000000 1.000000
0.999357 0.000793 -0.035836 0.261356 0.001996 0.996975 0.077701 -0.028773 0.035789 -0.077723 0.996332 0.000003 0.000000 0.000000 0.000000 1.000000
0.999357 0.000842 -0.035847 0.261356 0.001948 0.996973 0.077730 -0.028773 0.035804 -0.077750 0.996330 0.000003 0.000000 0.000000 0.000000 1.000000
0.999357 0.000842 -0.035847 0.261357 0.001948 0.996973 0.077730 -0.028773 0.035804 -0.077750 0.996330 0.000003 0.000000 0.000000 0.000000 1.000000
0.999357 0.000842 -0.035847 0.261357 0.001948 0.996972 0.077730 -0.028773 0.035804 -0.077750 0.996330 0.000003 0.000000 0.000000 0.000000 1.000000
0.999357 0.000842 -0.035847 0.261356 0.001948 0.996973 0.077730 -0.028773 0.035804 -0.077750 0.996330 0.000003 0.000000 0.000000 0.000000 1.000000
0.999357 0.000842 -0.035847 0.261356 0.001948 0.996972 0.077730 -0.028773 0.035804 -0.077750 0.996330 0.000003 0.000000 0.000000 0.000000 1.000000
0.999357 0.000842 -0.035847 0.261356 0.001948 0.996973 0.077730 -0.028773 0.035804 -0.077750 0.996330 0.000003 0.000000 0.000000 0.000000 1.000000
0.999357 0.000842 -0.035847 0.261356 0.001948 0.996973 0.077730 -0.028773 0.035804 -0.077750 0.996330 0.000003 0.000000 0.000000 0.000000 1.000000
0.999357 0.000842 -0.035847 0.261356 0.001948 0.996973 0.077730 -0.028773 0.035804 -0.077750 0.996330 0.000003 0.000000 0.000000 0.000000 1.000000
0.999357 0.000842 -0.035847 0.261356 0.001948 0.996973 0.077730 -0.028773 0.035804 -0.077750 0.996330 0.000003 0.000000 0.000000 0.000000 1.000000
0.999357 0.000842 -0.035847 0.261356 0.001948 0.996972 0.077730 -0.028773 0.035804 -0.077750 0.996330 0.000003 0.000000 0.000000 0.000000 1.000000
0.999357 0.000842 -0.035847 0.261356 0.001948 0.996973 0.077730 -0.028773 0.035804 -0.077750 0.996330 0.000003 0.000000 0.000000 0.000000 1.000000
0.999357 0.000842 -0.035847 0.261356 0.001948 0.996972 0.077730 -0.028773 0.035804 -0.077750 0.996330 0.000003 0.000000 0.000000 0.000000 1.000000
0.999357 0.000842 -0.035847 0.261356 0.001948 0.996972 0.077730 -0.028773 0.035804 -0.077750 0.996330 0.000003 0.000000 0.000000 0.000000 1.000000
0.999357 0.000842 -0.035847 0.261356 0.001948 0.996972 0.077730 -0.028773 0.035804 -0.077750 0.996330 0.000003 0.000000 0.000000 0.000000 1.000000
0.999357 0.000842 -0.035847 0.261356 0.001948 0.996972 0.077730 -0.028773 0.035804 -0.077750 0.996330 0.000003 0.000000 0.000000 0.000000 1.000000
0.999357 0.000842 -0.035847 0.261356 0.001948 0.996973 0.077730 -0.028773 0.035804 -0.077750 0.996330 0.000003 0.000000 0.000000 0.000000 1.000000
0.999357 0.000842 -0.035847 0.261357 0.001948 0.996973 0.077730 -0.028773 0.035804 -0.077750 0.996330 0.000003 0.000000 0.000000 0.000000 1.000000
0.999357 0.000842 -0.035847 0.261356 0.001948 0.996973 0.077730 -0.028773 0.035804 -0.077750 0.996330 0.000003 0.000000 0.000000 0.000000 1.000000
0.999357 0.000842 -0.035847 0.261356 0.001948 0.996973 0.077730 -0.028773 0.035804 -0.077750 0.996330 0.000003 0.000000 0.000000 0.000000 1.000000
0.999357 0.000842 -0.035847 0.261356 0.001948 0.996972 0.077730 -0.028773 0.035804 -0.077750 0.996330 0.000003 0.000000 0.000000 0.000000 1.000000
0.999357 0.000842 -0.035847 0.261357 0.001948 0.996973 0.077730 -0.028773 0.035804 -0.077750 0.996330 0.000003 0.000000 0.000000 0.000000 1.000000
0.999357 0.000842 -0.035847 0.261356 0.001948 0.996973 0.077730 -0.028773 0.035804 -0.077750 0.996330 0.000003 0.000000 0.000000 0.000000 1.000000
0.999357 0.000842 -0.035847 0.261356 0.001948 0.996972 0.077730 -0.028773 0.035804 -0.077750 0.996330 0.000003 0.000000 0.000000 0.000000 1.000000
0.999358 0.000765 -0.035830 0.261356 0.002022 0.996976 0.077685 -0.028773 0.035781 -0.077708 0.996334 0.000003 0.000000 0.000000 0.000000 1.000000
0.999359 0.000584 -0.035789 0.261356 0.002196 0.996984 0.077581 -0.028773 0.035727 -0.077610 0.996344 0.000003 0.000000 0.000000 0.000000 1.000000
0.999361 0.000377 -0.035743 0.261357 0.002395 0.996992 0.077462 -0.028773 0.035665 -0.077498 0.996354 0.000003 0.000000 0.000000 0.000000 1.000000
0.999362 0.000222 -0.035709 0.261356 0.002543 0.996999 0.077373 -0.028773 0.035619 -0.077414 0.996363 0.000003 0.000000 0.000000 0.000000 1.000000
0.999362 0.000196 -0.035703 0.261356 0.002568 0.997000 0.077358 -0.028773 0.035611 -0.077400 0.996364 0.000003 0.000000 0.000000 0.000000 1.000000
0.999361 0.000377 -0.035743 0.261357 0.002395 0.996992 0.077462 -0.028773 0.035665 -0.077498 0.996354 0.000003 0.000000 0.000000 0.000000 1.000000
