<?xml version="1.0" encoding="utf-8"?>
<COLLADA xmlns="http://www.collada.org/2005/11/COLLADASchema" version="1.4.1">
  <asset><contributor><author></author><authoring_tool>FBX COLLADA exporter</authoring_tool><comments></comments></contributor><created>2015-02-27T04:58:25Z</created><keywords></keywords><modified>2015-02-27T04:58:25Z</modified><revision></revision><subject></subject><title></title><unit meter="1.000000" name="centimeter"></unit><up_axis>Y_UP</up_axis></asset>
  <library_animations>
    <animation id="Bip001-anim" name="Bip001"><animation><source id="Bip001-Matrix-animation-input"><float_array id="Bip001-Matrix-animation-input-array" count="93">

0.000000 0.033333 0.066667 0.100000 0.133333 0.166667 0.200000 0.233333 0.266667 0.300000 0.333333 0.366667 0.400000 0.433333 0.466667 0.500000
0.533333 0.566667 0.600000 0.633333 0.666667 0.700000 0.733333 0.766667 0.800000 0.833333 0.866667 0.900000 0.933333 0.966667 1.000000 1.033333
1.066667 1.100000 1.133333 1.166667 1.200000 1.233333 1.266667 1.300000 1.333333 1.366667 1.400000 1.433333 1.466667 1.500000 1.533333 1.566667
1.600000 1.633333 1.666667 1.700000 1.733333 1.766667 1.800000 1.833333 1.866667 1.900000 1.933333 1.966667 2.000000 2.033333 2.066667 2.100000
2.133333 2.166667 2.200000 2.233333 2.266667 2.300000 2.333333 2.366667 2.400000 2.433333 2.466667 2.500000 2.533333 2.566667 2.600000 2.633333
2.666667 2.700000 2.733333 2.766667 2.800000 2.833333 2.866667 2.900000 2.933333 2.966667 3.000000 3.033333 3.066667</float_array><technique_common><accessor source="#Bip001-Matrix-animation-input-array" count="93"><param name="TIME" type="float"/></accessor></technique_common></source><source id="Bip001-Matrix-animation-output-transform"><float_array id="Bip001-Matrix-animation-output-transform-array" count="1488">

0.000000 1.000000 -0.000000 -0.034719 -0.000000 0.000000 1.000000 1.105735 1.000000 -0.000000 0.000000 0.000000 0.000000 0.000000 0.000000 1.000000
0.000000 1.000000 -0.000000 -0.032432 -0.000000 0.000000 1.000000 1.119738 1.000000 -0.000000 0.000000 0.000000 0.000000 0.000000 0.000000 1.000000
0.000000 1.000000 -0.000000 -0.028599 -0.000000 0.000000 1.000000 1.134313 1.000000 -0.000000 0.000000 0.000000 0.000000 0.000000 0.000000 1.000000
0.000000 1.000000 -0.000000 -0.020422 -0.000000 0.000000 1.000000 1.153563 1.000000 -0.000000 0.000000 0.000000 0.000000 0.000000 0.000000 1.000000
0.000000 1.000000 -0.000000 -0.010110 -0.000000 0.000000 1.000000 1.167463 1.000000 -0.000000 0.000000 0.000000 0.000000 0.000000 0.000000 1.000000
0.000000 1.000000 -0.000000 0.000698 -0.000000 0.000000 1.000000 1.165552 1.000000 -0.000000 0.000000 0.000000 0.000000 0.000000 0.000000 1.000000
0.000000 1.000000 -0.000000 0.013090 -0.000000 0.000000 1.000000 1.153240 1.000000 -0.000000 0.000000 0.000000 0.000000 0.000000 0.000000 1.000000
0.000000 1.000000 -0.000000 0.027699 -0.000000 0.000000 1.000000 1.130315 1.000000 -0.000000 0.000000 0.000000 0.000000 0.000000 0.000000 1.000000
0.000000 1.000000 -0.000000 0.044256 -0.000000 0.000000 1.000000 1.103181 1.000000 -0.000000 0.000000 0.000000 0.000000 0.000000 0.000000 1.000000
0.000000 1.000000 -0.000000 0.064795 -0.000000 0.000000 1.000000 1.074893 1.000000 -0.000000 0.000000 0.000000 0.000000 0.000000 0.000000 1.000000
0.000000 1.000000 -0.000000 0.083036 -0.000000 0.000000 1.000000 1.055279 1.000000 -0.000000 0.000000 0.000000 0.000000 0.000000 0.000000 1.000000
0.000000 1.000000 -0.000000 0.095754 -0.000000 0.000000 1.000000 1.051608 1.000000 -0.000000 0.000000 0.000000 0.000000 0.000000 0.000000 1.000000
0.000000 1.000000 -0.000000 0.105582 -0.000000 0.000000 1.000000 1.055407 1.000000 -0.000000 0.000000 0.000000 0.000000 0.000000 0.000000 1.000000
0.000000 1.000000 -0.000000 0.108706 -0.000000 0.000000 1.000000 1.067478 1.000000 -0.000000 0.000000 0.000000 0.000000 0.000000 0.000000 1.000000
0.000000 1.000000 -0.000000 0.102484 -0.000000 0.000000 1.000000 1.092681 1.000000 -0.000000 0.000000 0.000000 0.000000 0.000000 0.000000 1.000000
0.000000 1.000000 -0.000000 0.089558 -0.000000 0.000000 1.000000 1.126156 1.000000 -0.000000 0.000000 0.000000 0.000000 0.000000 0.000000 1.000000
0.000000 1.000000 -0.000000 0.074042 -0.000000 0.000000 1.000000 1.154123 1.000000 -0.000000 0.000000 0.000000 0.000000 0.000000 0.000000 1.000000
0.000000 1.000000 -0.000000 0.055141 -0.000000 0.000000 1.000000 1.167751 1.000000 -0.000000 0.000000 0.000000 0.000000 0.000000 0.000000 1.000000
0.000000 1.000000 -0.000000 0.031501 -0.000000 0.000000 1.000000 1.170578 1.000000 -0.000000 0.000000 0.000000 0.000000 0.000000 0.000000 1.000000
0.000000 1.000000 -0.000000 0.004328 -0.000000 0.000000 1.000000 1.164063 1.000000 -0.000000 0.000000 0.000000 0.000000 0.000000 0.000000 1.000000
0.000000 1.000000 -0.000000 -0.025633 -0.000000 0.000000 1.000000 1.150203 1.000000 -0.000000 0.000000 0.000000 0.000000 0.000000 0.000000 1.000000
0.000000 1.000000 -0.000000 -0.061890 -0.000000 0.000000 1.000000 1.128395 1.000000 -0.000000 0.000000 0.000000 0.000000 0.000000 0.000000 1.000000
0.000000 1.000000 -0.000000 -0.090473 -0.000000 0.000000 1.000000 1.107886 1.000000 -0.000000 0.000000 0.000000 0.000000 0.000000 0.000000 1.000000
0.000000 1.000000 -0.000000 -0.100690 -0.000000 0.000000 1.000000 1.094926 1.000000 -0.000000 0.000000 0.000000 0.000000 0.000000 0.000000 1.000000
0.000000 1.000000 -0.000000 -0.103229 -0.000000 0.000000 1.000000 1.085558 1.000000 -0.000000 0.000000 0.000000 0.000000 0.000000 0.000000 1.000000
0.000000 1.000000 -0.000000 -0.101373 -0.000000 0.000000 1.000000 1.084824 1.000000 -0.000000 0.000000 0.000000 0.000000 0.000000 0.000000 1.000000
0.000000 1.000000 -0.000000 -0.095041 -0.000000 0.000000 1.000000 1.097825 1.000000 -0.000000 0.000000 0.000000 0.000000 0.000000 0.000000 1.000000
0.000000 1.000000 -0.000000 -0.084312 -0.000000 0.000000 1.000000 1.119460 1.000000 -0.000000 0.000000 0.000000 0.000000 0.000000 0.000000 1.000000
0.000000 1.000000 -0.000000 -0.072708 -0.000000 0.000000 1.000000 1.139466 1.000000 -0.000000 0.000000 0.000000 0.000000 0.000000 0.000000 1.000000
0.000000 1.000000 -0.000000 -0.060532 -0.000000 0.000000 1.000000 1.156073 1.000000 -0.000000 0.000000 0.000000 0.000000 0.000000 0.000000 1.000000
0.000000 1.000000 -0.000000 -0.047030 -0.000000 0.000000 1.000000 1.163681 1.000000 -0.000000 0.000000 0.000000 0.000000 0.000000 0.000000 1.000000
0.000000 1.000000 -0.000000 -0.032963 -0.000000 0.000000 1.000000 1.151600 1.000000 -0.000000 0.000000 0.000000 0.000000 0.000000 0.000000 1.000000
0.000000 1.000000 -0.000000 -0.018624 -0.000000 0.000000 1.000000 1.130567 1.000000 -0.000000 0.000000 0.000000 0.000000 0.000000 0.000000 1.000000
0.000000 1.000000 -0.000000 -0.004379 -0.000000 0.000000 1.000000 1.104972 1.000000 -0.000000 0.000000 0.000000 0.000000 0.000000 0.000000 1.000000
0.000000 1.000000 -0.000000 0.009230 -0.000000 0.000000 1.000000 1.083171 1.000000 -0.000000 0.000000 0.000000 0.000000 0.000000 0.000000 1.000000
0.000000 1.000000 -0.000000 0.024413 -0.000000 0.000000 1.000000 1.075073 1.000000 -0.000000 0.000000 0.000000 0.000000 0.000000 0.000000 1.000000
0.000000 1.000000 -0.000000 0.032547 -0.000000 0.000000 1.000000 1.080416 1.000000 -0.000000 0.000000 0.000000 0.000000 0.000000 0.000000 1.000000
0.000000 1.000000 -0.000000 0.028562 -0.000000 0.000000 1.000000 1.100243 1.000000 -0.000000 0.000000 0.000000 0.000000 0.000000 0.000000 1.000000
0.000000 1.000000 -0.000000 0.020631 -0.000000 0.000000 1.000000 1.126345 1.000000 -0.000000 0.000000 0.000000 0.000000 0.000000 0.000000 1.000000
0.000000 1.000000 -0.000000 0.010872 -0.000000 0.000000 1.000000 1.151687 1.000000 -0.000000 0.000000 0.000000 0.000000 0.000000 0.000000 1.000000
0.000000 1.000000 -0.000000 0.001406 -0.000000 0.000000 1.000000 1.169234 1.000000 -0.000000 0.000000 0.000000 0.000000 0.000000 0.000000 1.000000
0.000000 1.000000 -0.000000 -0.008359 -0.000000 0.000000 1.000000 1.165766 1.000000 -0.000000 0.000000 0.000000 0.000000 0.000000 0.000000 1.000000
0.000000 1.000000 -0.000000 -0.019132 -0.000000 0.000000 1.000000 1.148233 1.000000 -0.000000 0.000000 0.000000 0.000000 0.000000 0.000000 1.000000
0.000000 1.000000 -0.000000 -0.030696 -0.000000 0.000000 1.000000 1.124044 1.000000 -0.000000 0.000000 0.000000 0.000000 0.000000 0.000000 1.000000
0.000000 1.000000 -0.000000 -0.041112 -0.000000 0.000000 1.000000 1.101916 1.000000 -0.000000 0.000000 0.000000 0.000000 0.000000 0.000000 1.000000
0.000000 1.000000 -0.000000 -0.049933 -0.000000 0.000000 1.000000 1.090672 1.000000 -0.000000 0.000000 0.000000 0.000000 0.000000 0.000000 1.000000
0.000000 1.000000 -0.000000 -0.057573 -0.000000 0.000000 1.000000 1.084074 1.000000 -0.000000 0.000000 0.000000 0.000000 0.000000 0.000000 1.000000
0.000000 1.000000 -0.000000 -0.060803 -0.000000 0.000000 1.000000 1.084696 1.000000 -0.000000 0.000000 0.000000 0.000000 0.000000 0.000000 1.000000
0.000000 1.000000 -0.000000 -0.057527 -0.000000 0.000000 1.000000 1.095785 1.000000 -0.000000 0.000000 0.000000 0.000000 0.000000 0.000000 1.000000
0.000000 1.000000 -0.000000 -0.049841 -0.000000 0.000000 1.000000 1.114094 1.000000 -0.000000 0.000000 0.000000 0.000000 0.000000 0.000000 1.000000
0.000000 1.000000 -0.000000 -0.040802 -0.000000 0.000000 1.000000 1.132454 1.000000 -0.000000 0.000000 0.000000 0.000000 0.000000 0.000000 1.000000
0.000000 1.000000 -0.000000 -0.030255 -0.000000 0.000000 1.000000 1.152004 1.000000 -0.000000 0.000000 0.000000 0.000000 0.000000 0.000000 1.000000
0.000000 1.000000 -0.000000 -0.017320 -0.000000 0.000000 1.000000 1.164674 1.000000 -0.000000 0.000000 0.000000 0.000000 0.000000 0.000000 1.000000
0.000000 1.000000 -0.000000 -0.001806 -0.000000 0.000000 1.000000 1.157433 1.000000 -0.000000 0.000000 0.000000 0.000000 0.000000 0.000000 1.000000
0.000000 1.000000 -0.000000 0.013090 -0.000000 0.000000 1.000000 1.141388 1.000000 -0.000000 0.000000 0.000000 0.000000 0.000000 0.000000 1.000000
0.000000 1.000000 -0.000000 0.022565 -0.000000 0.000000 1.000000 1.123179 1.000000 -0.000000 0.000000 0.000000 0.000000 0.000000 0.000000 1.000000
0.000000 1.000000 -0.000000 0.031619 -0.000000 0.000000 1.000000 1.103181 1.000000 -0.000000 0.000000 0.000000 0.000000 0.000000 0.000000 1.000000
0.000000 1.000000 -0.000000 0.045893 -0.000000 0.000000 1.000000 1.081241 1.000000 -0.000000 0.000000 0.000000 0.000000 0.000000 0.000000 1.000000
0.000000 1.000000 -0.000000 0.058663 -0.000000 0.000000 1.000000 1.065591 1.000000 -0.000000 0.000000 0.000000 0.000000 0.000000 0.000000 1.000000
0.000000 1.000000 -0.000000 0.063963 -0.000000 0.000000 1.000000 1.066209 1.000000 -0.000000 0.000000 0.000000 0.000000 0.000000 0.000000 1.000000
0.000000 1.000000 -0.000000 0.065149 -0.000000 0.000000 1.000000 1.077702 1.000000 -0.000000 0.000000 0.000000 0.000000 0.000000 0.000000 1.000000
0.000000 1.000000 -0.000000 0.065562 -0.000000 0.000000 1.000000 1.101480 1.000000 -0.000000 0.000000 0.000000 0.000000 0.000000 0.000000 1.000000
0.000000 1.000000 -0.000000 0.059279 -0.000000 0.000000 1.000000 1.127120 1.000000 -0.000000 0.000000 0.000000 0.000000 0.000000 0.000000 1.000000
0.000000 1.000000 -0.000000 0.037336 -0.000000 0.000000 1.000000 1.143412 1.000000 -0.000000 0.000000 0.000000 0.000000 0.000000 0.000000 1.000000
0.000000 1.000000 -0.000000 0.012187 -0.000000 0.000000 1.000000 1.154123 1.000000 -0.000000 0.000000 0.000000 0.000000 0.000000 0.000000 1.000000
0.000000 1.000000 -0.000000 -0.005609 -0.000000 0.000000 1.000000 1.159413 1.000000 -0.000000 0.000000 0.000000 0.000000 0.000000 0.000000 1.000000
0.000000 1.000000 -0.000000 -0.019331 -0.000000 0.000000 1.000000 1.158892 1.000000 -0.000000 0.000000 0.000000 0.000000 0.000000 0.000000 1.000000
0.000000 1.000000 -0.000000 -0.027944 -0.000000 0.000000 1.000000 1.151573 1.000000 -0.000000 0.000000 0.000000 0.000000 0.000000 0.000000 1.000000
0.000000 1.000000 -0.000000 -0.033832 -0.000000 0.000000 1.000000 1.139410 1.000000 -0.000000 0.000000 0.000000 0.000000 0.000000 0.000000 1.000000
0.000000 1.000000 -0.000000 -0.039787 -0.000000 0.000000 1.000000 1.121179 1.000000 -0.000000 0.000000 0.000000 0.000000 0.000000 0.000000 1.000000
0.000000 1.000000 -0.000000 -0.043546 -0.000000 0.000000 1.000000 1.105422 1.000000 -0.000000 0.000000 0.000000 0.000000 0.000000 0.000000 1.000000
0.000000 1.000000 -0.000000 -0.043011 -0.000000 0.000000 1.000000 1.101345 1.000000 -0.000000 0.000000 0.000000 0.000000 0.000000 0.000000 1.000000
0.000000 1.000000 -0.000000 -0.040477 -0.000000 0.000000 1.000000 1.105734 1.000000 -0.000000 0.000000 0.000000 0.000000 0.000000 0.000000 1.000000
0.000000 1.000000 -0.000000 -0.037888 -0.000000 0.000000 1.000000 1.120462 1.000000 -0.000000 0.000000 0.000000 0.000000 0.000000 0.000000 1.000000
0.000000 1.000000 -0.000000 -0.034202 -0.000000 0.000000 1.000000 1.139466 1.000000 -0.000000 0.000000 0.000000 0.000000 0.000000 0.000000 1.000000
0.000000 1.000000 -0.000000 -0.029138 -0.000000 0.000000 1.000000 1.161549 1.000000 -0.000000 0.000000 0.000000 0.000000 0.000000 0.000000 1.000000
0.000000 1.000000 -0.000000 -0.022362 -0.000000 0.000000 1.000000 1.173987 1.000000 -0.000000 0.000000 0.000000 0.000000 0.000000 0.000000 1.000000
0.000000 1.000000 -0.000000 -0.012996 -0.000000 0.000000 1.000000 1.156495 1.000000 -0.000000 0.000000 0.000000 0.000000 0.000000 0.000000 1.000000
0.000000 1.000000 -0.000000 -0.002390 -0.000000 0.000000 1.000000 1.130567 1.000000 -0.000000 0.000000 0.000000 0.000000 0.000000 0.000000 1.000000
0.000000 1.000000 -0.000000 0.008723 -0.000000 0.000000 1.000000 1.111542 1.000000 -0.000000 0.000000 0.000000 0.000000 0.000000 0.000000 1.000000
0.000000 1.000000 -0.000000 0.019370 -0.000000 0.000000 1.000000 1.097600 1.000000 -0.000000 0.000000 0.000000 0.000000 0.000000 0.000000 1.000000
0.000000 1.000000 -0.000000 0.030618 -0.000000 0.000000 1.000000 1.091004 1.000000 -0.000000 0.000000 0.000000 0.000000 0.000000 0.000000 1.000000
0.000000 1.000000 -0.000000 0.035617 -0.000000 0.000000 1.000000 1.094844 1.000000 -0.000000 0.000000 0.000000 0.000000 0.000000 0.000000 1.000000
0.000000 1.000000 -0.000000 0.030298 -0.000000 0.000000 1.000000 1.111515 1.000000 -0.000000 0.000000 0.000000 0.000000 0.000000 0.000000 1.000000
0.000000 1.000000 -0.000000 0.021577 -0.000000 0.000000 1.000000 1.133559 1.000000 -0.000000 0.000000 0.000000 0.000000 0.000000 0.000000 1.000000
0.000000 1.000000 -0.000000 0.011323 -0.000000 0.000000 1.000000 1.154844 1.000000 -0.000000 0.000000 0.000000 0.000000 0.000000 0.000000 1.000000
0.000000 1.000000 -0.000000 0.001406 -0.000000 0.000000 1.000000 1.169234 1.000000 -0.000000 0.000000 0.000000 0.000000 0.000000 0.000000 1.000000
0.000000 1.000000 -0.000000 -0.009076 -0.000000 0.000000 1.000000 1.164946 1.000000 -0.000000 0.000000 0.000000 0.000000 0.000000 0.000000 1.000000
0.000000 1.000000 -0.000000 -0.019132 -0.000000 0.000000 1.000000 1.148233 1.000000 -0.000000 0.000000 0.000000 0.000000 0.000000 0.000000 1.000000
0.000000 1.000000 -0.000000 -0.026483 -0.000000 0.000000 1.000000 1.125495 1.000000 -0.000000 0.000000 0.000000 0.000000 0.000000 0.000000 1.000000
0.000000 1.000000 -0.000000 -0.031683 -0.000000 0.000000 1.000000 1.105422 1.000000 -0.000000 0.000000 0.000000 0.000000 0.000000 0.000000 1.000000
0.000000 1.000000 -0.000000 -0.033921 -0.000000 0.000000 1.000000 1.102883 1.000000 -0.000000 0.000000 0.000000 0.000000 0.000000 0.000000 1.000000
0.000000 1.000000 -0.000000 -0.035006 -0.000000 0.000000 1.000000 1.105734 1.000000 -0.000000 0.000000 0.000000 0.000000 0.000000 0.000000 1.000000</float_array><technique_common><accessor source="#Bip001-Matrix-animation-output-transform-array" count="93" stride="16"><param type="float4x4"/></accessor></technique_common></source><source id="Bip001-Interpolations"><Name_array id="Bip001-Interpolations-array" count="93">
 LINEAR LINEAR LINEAR LINEAR LINEAR LINEAR LINEAR LINEAR LINEAR LINEAR LINEAR
LINEAR LINEAR LINEAR LINEAR LINEAR LINEAR LINEAR LINEAR LINEAR LINEAR LINEAR LINEAR
LINEAR LINEAR LINEAR LINEAR LINEAR LINEAR LINEAR LINEAR LINEAR LINEAR LINEAR LINEAR
LINEAR LINEAR LINEAR LINEAR LINEAR LINEAR LINEAR LINEAR LINEAR LINEAR LINEAR LINEAR
LINEAR LINEAR LINEAR LINEAR LINEAR LINEAR LINEAR LINEAR LINEAR LINEAR LINEAR LINEAR
LINEAR LINEAR LINEAR LINEAR LINEAR LINEAR LINEAR LINEAR LINEAR LINEAR LINEAR LINEAR
LINEAR LINEAR LINEAR LINEAR LINEAR LINEAR LINEAR LINEAR LINEAR LINEAR LINEAR LINEAR
LINEAR LINEAR LINEAR LINEAR LINEAR LINEAR LINEAR LINEAR LINEAR LINEAR</Name_array><technique_common><accessor source="#Bip001-Interpolations-array" count="93"><param type="name"/></accessor></technique_common></source><sampler id="Bip001-Matrix-animation-transform"><input semantic="INPUT" source="#Bip001-Matrix-animation-input"/><input semantic="OUTPUT" source="#Bip001-Matrix-animation-output-transform"/><input semantic="INTERPOLATION" source="#Bip001-Interpolations"/></sampler><channel source="#Bip001-Matrix-animation-transform" target="Bip001/matrix"/></animation></animation>
    <animation id="Bip001Pelvis-anim" name="Bip001Pelvis"><animation><source id="Bip001Pelvis-Matrix-animation-input"><float_array id="Bip001Pelvis-Matrix-animation-input-array" count="93">

0.000000 0.033333 0.066667 0.100000 0.133333 0.166667 0.200000 0.233333 0.266667 0.300000 0.333333 0.366667 0.400000 0.433333 0.466667 0.500000
0.533333 0.566667 0.600000 0.633333 0.666667 0.700000 0.733333 0.766667 0.800000 0.833333 0.866667 0.900000 0.933333 0.966667 1.000000 1.033333
1.066667 1.100000 1.133333 1.166667 1.200000 1.233333 1.266667 1.300000 1.333333 1.366667 1.400000 1.433333 1.466667 1.500000 1.533333 1.566667
1.600000 1.633333 1.666667 1.700000 1.733333 1.766667 1.800000 1.833333 1.866667 1.900000 1.933333 1.966667 2.000000 2.033333 2.066667 2.100000
2.133333 2.166667 2.200000 2.233333 2.266667 2.300000 2.333333 2.366667 2.400000 2.433333 2.466667 2.500000 2.533333 2.566667 2.600000 2.633333
2.666667 2.700000 2.733333 2.766667 2.800000 2.833333 2.866667 2.900000 2.933333 2.966667 3.000000 3.033333 3.066667</float_array><technique_common><accessor source="#Bip001Pelvis-Matrix-animation-input-array" count="93"><param name="TIME" type="float"/></accessor></technique_common></source><source id="Bip001Pelvis-Matrix-animation-output-transform"><float_array id="Bip001Pelvis-Matrix-animation-output-transform-array" count="1488">

0.224575 0.967685 0.114681 0.000000 -0.073963 -0.100421 0.992192 0.000000 0.971646 -0.231303 0.049021 0.000000 0.000000 0.000000 0.000000 1.000000
0.236393 0.958736 0.157934 0.000000 -0.045038 -0.151554 0.987422 0.000000 0.970613 -0.240533 0.007353 0.000000 0.000000 0.000000 0.000000 1.000000
0.227734 0.954875 0.190658 0.000000 -0.009669 -0.193575 0.981038 0.000000 0.973675 -0.225259 -0.034851 0.000000 0.000000 0.000000 0.000000 1.000000
0.144232 0.969328 0.198997 0.000000 0.051047 -0.208120 0.976770 0.000000 0.988226 -0.130723 -0.079499 0.000000 0.000000 0.000000 0.000000 1.000000
0.056331 0.978946 0.196191 0.000000 0.110940 -0.201423 0.973201 0.000000 0.992229 -0.033056 -0.119951 0.000000 0.000000 0.000000 0.000000 1.000000
0.033642 0.982286 0.184341 0.000000 0.148643 -0.187311 0.970989 0.000000 0.988319 -0.005265 -0.152311 0.000000 0.000000 0.000000 0.000000 1.000000
0.035230 0.986620 0.159182 0.000000 0.168251 -0.162863 0.972197 0.000000 0.985114 -0.007467 -0.171738 0.000000 0.000000 0.000000 0.000000 1.000000
0.043076 0.991571 0.122193 0.000000 0.165810 -0.127706 0.977854 0.000000 0.985216 -0.021861 -0.169914 0.000000 0.000000 0.000000 0.000000 1.000000
0.060300 0.995978 0.066266 0.000000 0.145898 -0.074468 0.986493 0.000000 0.987460 -0.049817 -0.149802 0.000000 0.000000 0.000000 0.000000 1.000000
0.085195 0.995885 -0.030902 0.000000 0.104202 0.021939 0.994314 0.000000 0.990900 -0.087931 -0.101904 0.000000 0.000000 0.000000 0.000000 1.000000
0.119107 0.985760 -0.118707 0.000000 0.065458 0.111502 0.991606 0.000000 0.990721 -0.125878 -0.051245 0.000000 0.000000 0.000000 0.000000 1.000000
0.159214 0.974328 -0.159170 0.000000 0.050182 0.153031 0.986946 0.000000 0.985968 -0.165123 -0.024529 0.000000 0.000000 0.000000 0.000000 1.000000
0.199920 0.962783 -0.181884 0.000000 0.042913 0.176849 0.983302 0.000000 0.978872 -0.204387 -0.005960 0.000000 0.000000 0.000000 0.000000 1.000000
0.226649 0.954070 -0.195909 0.000000 0.036204 0.192752 0.980579 0.000000 0.973303 -0.229340 0.009146 0.000000 0.000000 0.000000 0.000000 1.000000
0.234982 0.949900 -0.206090 0.000000 0.028363 0.205236 0.978301 0.000000 0.971586 -0.235729 0.021285 0.000000 0.000000 0.000000 0.000000 1.000000
0.229539 0.950700 -0.208522 0.000000 0.020054 0.209577 0.977586 0.000000 0.973093 -0.228576 0.029041 0.000000 0.000000 0.000000 0.000000 1.000000
0.209812 0.957295 -0.198909 0.000000 0.007915 0.201767 0.979401 0.000000 0.977710 -0.207064 0.034756 0.000000 0.000000 0.000000 0.000000 1.000000
0.169558 0.969465 -0.177167 0.000000 -0.006325 0.180837 0.983493 0.000000 0.985500 -0.165638 0.036794 0.000000 0.000000 0.000000 0.000000 1.000000
0.114443 0.982401 -0.147620 0.000000 -0.020120 0.150858 0.988351 0.000000 0.993226 -0.110139 0.037031 0.000000 0.000000 0.000000 0.000000 1.000000
0.061977 0.991659 -0.113007 0.000000 -0.035952 0.115369 0.992672 0.000000 0.997430 -0.057460 0.042802 0.000000 0.000000 0.000000 0.000000 1.000000
0.029861 0.996612 -0.076631 0.000000 -0.057834 0.078260 0.995254 0.000000 0.997880 -0.025288 0.059975 0.000000 0.000000 0.000000 0.000000 1.000000
0.058842 0.997861 -0.028477 0.000000 -0.117892 0.035273 0.992400 0.000000 0.991281 -0.055038 0.119716 0.000000 0.000000 0.000000 0.000000 1.000000
0.112902 0.993296 0.024840 0.000000 -0.166755 -0.005703 0.985982 0.000000 0.979513 -0.115461 0.164993 0.000000 0.000000 0.000000 0.000000 1.000000
0.152606 0.986223 0.063841 0.000000 -0.151608 -0.040471 0.987612 0.000000 0.976589 -0.160394 0.143343 0.000000 0.000000 0.000000 0.000000 1.000000
0.192621 0.976515 0.096512 0.000000 -0.114288 -0.075359 0.990585 0.000000 0.974595 -0.201838 0.097089 0.000000 0.000000 0.000000 0.000000 1.000000
0.223623 0.966340 0.127202 0.000000 -0.076793 -0.112633 0.990665 0.000000 0.971646 -0.231303 0.049021 0.000000 0.000000 0.000000 0.000000 1.000000
0.236620 0.958093 0.161459 0.000000 -0.045376 -0.155100 0.986856 0.000000 0.970542 -0.240837 0.006775 0.000000 0.000000 0.000000 0.000000 1.000000
0.227734 0.954875 0.190658 0.000000 -0.009669 -0.193575 0.981038 0.000000 0.973675 -0.225259 -0.034851 0.000000 0.000000 0.000000 0.000000 1.000000
0.189825 0.958864 0.211058 0.000000 0.036312 -0.221676 0.974444 0.000000 0.981146 -0.177310 -0.076898 0.000000 0.000000 0.000000 0.000000 1.000000
0.138489 0.965978 0.218421 0.000000 0.080498 -0.230796 0.969667 0.000000 0.987087 -0.116706 -0.109722 0.000000 0.000000 0.000000 0.000000 1.000000
0.076021 0.975992 0.204111 0.000000 0.111220 -0.211726 0.970980 0.000000 0.990884 -0.051114 -0.124646 0.000000 0.000000 0.000000 0.000000 1.000000
0.034424 0.985181 0.168030 0.000000 0.124395 -0.171046 0.977379 0.000000 0.991636 -0.012743 -0.128439 0.000000 0.000000 0.000000 0.000000 1.000000
0.066048 0.992896 0.098971 0.000000 0.110999 -0.105883 0.988164 0.000000 0.991623 -0.054281 -0.117204 0.000000 0.000000 0.000000 0.000000 1.000000
0.119742 0.992527 0.023501 0.000000 0.092345 -0.034704 0.995122 0.000000 0.988501 -0.116988 -0.095811 0.000000 0.000000 0.000000 0.000000 1.000000
0.160263 0.986262 -0.040031 0.000000 0.082532 0.027024 0.996222 0.000000 0.983618 -0.162961 -0.077067 0.000000 0.000000 0.000000 0.000000 1.000000
0.198384 0.975190 -0.098227 0.000000 0.075336 0.084750 0.993550 0.000000 0.977225 -0.204504 -0.056653 0.000000 0.000000 0.000000 0.000000 1.000000
0.222366 0.965072 -0.138523 0.000000 0.066067 0.126838 0.989721 0.000000 0.972722 -0.229232 -0.035555 0.000000 0.000000 0.000000 0.000000 1.000000
0.234065 0.959063 -0.159409 0.000000 0.052609 0.151230 0.987098 0.000000 0.970796 -0.239432 -0.015058 0.000000 0.000000 0.000000 0.000000 1.000000
0.239574 0.955939 -0.169661 0.000000 0.036703 0.165708 0.985492 0.000000 0.970184 -0.242325 0.004613 0.000000 0.000000 0.000000 0.000000 1.000000
0.233904 0.956755 -0.172940 0.000000 0.018382 0.173491 0.984664 0.000000 0.972086 -0.233496 0.022993 0.000000 0.000000 0.000000 0.000000 1.000000
0.212035 0.961825 -0.173016 0.000000 -0.002212 0.177513 0.984116 0.000000 0.977260 -0.208284 0.039767 0.000000 0.000000 0.000000 0.000000 1.000000
0.118291 0.979134 -0.165236 0.000000 -0.033594 0.170256 0.984827 0.000000 0.992411 -0.110945 0.053033 0.000000 0.000000 0.000000 0.000000 1.000000
0.027399 0.989945 -0.138771 0.000000 -0.060258 0.140206 0.988287 0.000000 0.997807 -0.018716 0.063494 0.000000 0.000000 0.000000 0.000000 1.000000
0.056124 0.995131 -0.081016 0.000000 -0.064929 0.084610 0.994296 0.000000 0.996310 -0.050544 0.069361 0.000000 0.000000 0.000000 0.000000 1.000000
0.116858 0.993007 -0.016771 0.000000 -0.065377 0.024542 0.997559 0.000000 0.990994 -0.115476 0.067788 0.000000 0.000000 0.000000 0.000000 1.000000
0.158578 0.986818 0.032310 0.000000 -0.070364 -0.021346 0.997293 0.000000 0.984836 -0.160422 0.066052 0.000000 0.000000 0.000000 0.000000 1.000000
0.197701 0.977262 0.076642 0.000000 -0.075780 -0.062714 0.995150 0.000000 0.977329 -0.202550 0.061659 0.000000 0.000000 0.000000 0.000000 1.000000
0.224575 0.967685 0.114681 0.000000 -0.073963 -0.100421 0.992192 0.000000 0.971646 -0.231303 0.049021 0.000000 0.000000 0.000000 0.000000 1.000000
0.240465 0.959529 0.146563 0.000000 -0.061766 -0.135561 0.988842 0.000000 0.968690 -0.246835 0.026668 0.000000 0.000000 0.000000 0.000000 1.000000
0.245271 0.954030 0.172249 0.000000 -0.040809 -0.167358 0.985051 0.000000 0.968595 -0.248633 -0.002115 0.000000 0.000000 0.000000 0.000000 1.000000
0.227734 0.954875 0.190658 0.000000 -0.009669 -0.193575 0.981038 0.000000 0.973675 -0.225259 -0.034851 0.000000 0.000000 0.000000 0.000000 1.000000
0.146269 0.969238 0.197948 0.000000 0.048678 -0.206909 0.977148 0.000000 0.988046 -0.133291 -0.077445 0.000000 0.000000 0.000000 0.000000 1.000000
0.056331 0.978946 0.196191 0.000000 0.110940 -0.201423 0.973201 0.000000 0.992229 -0.033056 -0.119951 0.000000 0.000000 0.000000 0.000000 1.000000
0.033642 0.982286 0.184341 0.000000 0.148643 -0.187311 0.970989 0.000000 0.988319 -0.005265 -0.152311 0.000000 0.000000 0.000000 0.000000 1.000000
0.035230 0.986620 0.159182 0.000000 0.168251 -0.162863 0.972197 0.000000 0.985114 -0.007467 -0.171738 0.000000 0.000000 0.000000 0.000000 1.000000
0.043076 0.991571 0.122193 0.000000 0.165810 -0.127706 0.977854 0.000000 0.985216 -0.021861 -0.169914 0.000000 0.000000 0.000000 0.000000 1.000000
0.060300 0.995978 0.066266 0.000000 0.145898 -0.074468 0.986493 0.000000 0.987460 -0.049817 -0.149802 0.000000 0.000000 0.000000 0.000000 1.000000
0.083152 0.996157 -0.027518 0.000000 0.105710 0.018641 0.994222 0.000000 0.990914 -0.085581 -0.103753 0.000000 0.000000 0.000000 0.000000 1.000000
0.119107 0.985760 -0.118707 0.000000 0.065458 0.111502 0.991606 0.000000 0.990721 -0.125878 -0.051245 0.000000 0.000000 0.000000 0.000000 1.000000
0.178220 0.969363 -0.169034 0.000000 0.047216 0.163161 0.985469 0.000000 0.982857 -0.183612 -0.016691 0.000000 0.000000 0.000000 0.000000 1.000000
0.226649 0.954070 -0.195909 0.000000 0.036204 0.192752 0.980579 0.000000 0.973303 -0.229340 0.009146 0.000000 0.000000 0.000000 0.000000 1.000000
0.231947 0.951264 -0.203216 0.000000 0.022809 0.203537 0.978801 0.000000 0.972461 -0.231665 0.025512 0.000000 0.000000 0.000000 0.000000 1.000000
0.209812 0.957295 -0.198908 0.000000 0.007915 0.201767 0.979401 0.000000 0.977710 -0.207064 0.034756 0.000000 0.000000 0.000000 0.000000 1.000000
0.166627 0.965805 -0.198636 0.000000 -0.009052 0.202942 0.979149 0.000000 0.985979 -0.161354 0.042558 0.000000 0.000000 0.000000 0.000000 1.000000
0.111787 0.973325 -0.200357 0.000000 -0.027007 0.204522 0.978489 0.000000 0.993365 -0.103971 0.049150 0.000000 0.000000 0.000000 0.000000 1.000000
0.060966 0.978985 -0.194603 0.000000 -0.044093 0.197417 0.979327 0.000000 0.997165 -0.051125 0.055202 0.000000 0.000000 0.000000 0.000000 1.000000
0.029861 0.984686 -0.171762 0.000000 -0.057834 0.173252 0.983178 0.000000 0.997880 -0.019426 0.062122 0.000000 0.000000 0.000000 0.000000 1.000000
0.058718 0.994597 -0.085604 0.000000 -0.064999 0.089379 0.993874 0.000000 0.996156 -0.052794 0.069896 0.000000 0.000000 0.000000 0.000000 1.000000
0.114773 0.993296 0.013825 0.000000 -0.070787 -0.005704 0.997475 0.000000 0.990867 -0.115462 0.069658 0.000000 0.000000 0.000000 0.000000 1.000000
0.155416 0.985894 0.062117 0.000000 -0.076742 -0.050641 0.995764 0.000000 0.984864 -0.159524 0.067789 0.000000 0.000000 0.000000 0.000000 1.000000
0.194391 0.976262 0.095521 0.000000 -0.081165 -0.081036 0.993401 0.000000 0.977560 -0.200861 0.063486 0.000000 0.000000 0.000000 0.000000 1.000000
0.223623 0.966340 0.127202 0.000000 -0.076793 -0.112633 0.990665 0.000000 0.971646 -0.231303 0.049021 0.000000 0.000000 0.000000 0.000000 1.000000
0.236209 0.958048 0.162322 0.000000 -0.050189 -0.154797 0.986671 0.000000 0.970405 -0.241208 0.011519 0.000000 0.000000 0.000000 0.000000 1.000000
0.227734 0.954875 0.190658 0.000000 -0.009669 -0.193575 0.981038 0.000000 0.973675 -0.225259 -0.034851 0.000000 0.000000 0.000000 0.000000 1.000000
0.189825 0.958864 0.211058 0.000000 0.036312 -0.221676 0.974444 0.000000 0.981146 -0.177310 -0.076898 0.000000 0.000000 0.000000 0.000000 1.000000
0.138489 0.965978 0.218421 0.000000 0.080498 -0.230796 0.969667 0.000000 0.987087 -0.116706 -0.109722 0.000000 0.000000 0.000000 0.000000 1.000000
0.076021 0.975992 0.204111 0.000000 0.111220 -0.211726 0.970980 0.000000 0.990884 -0.051114 -0.124646 0.000000 0.000000 0.000000 0.000000 1.000000
0.034424 0.985181 0.168030 0.000000 0.124395 -0.171046 0.977379 0.000000 0.991636 -0.012743 -0.128439 0.000000 0.000000 0.000000 0.000000 1.000000
0.066048 0.992896 0.098971 0.000000 0.110999 -0.105883 0.988164 0.000000 0.991623 -0.054281 -0.117204 0.000000 0.000000 0.000000 0.000000 1.000000
0.119742 0.992527 0.023501 0.000000 0.092345 -0.034704 0.995122 0.000000 0.988501 -0.116988 -0.095811 0.000000 0.000000 0.000000 0.000000 1.000000
0.160263 0.986262 -0.040031 0.000000 0.082532 0.027024 0.996222 0.000000 0.983618 -0.162961 -0.077067 0.000000 0.000000 0.000000 0.000000 1.000000
0.198384 0.975190 -0.098227 0.000000 0.075336 0.084750 0.993550 0.000000 0.977225 -0.204504 -0.056653 0.000000 0.000000 0.000000 0.000000 1.000000
0.222366 0.965072 -0.138523 0.000000 0.066067 0.126838 0.989721 0.000000 0.972722 -0.229232 -0.035555 0.000000 0.000000 0.000000 0.000000 1.000000
0.234065 0.959063 -0.159409 0.000000 0.052609 0.151230 0.987098 0.000000 0.970796 -0.239432 -0.015058 0.000000 0.000000 0.000000 0.000000 1.000000
0.239574 0.955939 -0.169661 0.000000 0.036703 0.165708 0.985492 0.000000 0.970184 -0.242325 0.004613 0.000000 0.000000 0.000000 0.000000 1.000000
0.233904 0.956755 -0.172940 0.000000 0.018382 0.173491 0.984664 0.000000 0.972086 -0.233496 0.022993 0.000000 0.000000 0.000000 0.000000 1.000000
0.212035 0.961825 -0.173016 0.000000 -0.002212 0.177513 0.984116 0.000000 0.977260 -0.208284 0.039767 0.000000 0.000000 0.000000 0.000000 1.000000
0.118291 0.979134 -0.165236 0.000000 -0.033594 0.170256 0.984827 0.000000 0.992411 -0.110945 0.053033 0.000000 0.000000 0.000000 0.000000 1.000000
0.027399 0.989945 -0.138771 0.000000 -0.060258 0.140206 0.988287 0.000000 0.997807 -0.018716 0.063494 0.000000 0.000000 0.000000 0.000000 1.000000
0.053635 0.995004 -0.084199 0.000000 -0.064949 0.087618 0.994034 0.000000 0.996446 -0.047847 0.069324 0.000000 0.000000 0.000000 0.000000 1.000000
0.116858 0.993007 -0.016771 0.000000 -0.065377 0.024542 0.997559 0.000000 0.990994 -0.115476 0.067788 0.000000 0.000000 0.000000 0.000000 1.000000
0.169852 0.984265 0.048710 0.000000 -0.068438 -0.037528 0.996949 0.000000 0.983090 -0.172667 0.060987 0.000000 0.000000 0.000000 0.000000 1.000000
0.224575 0.967685 0.114681 0.000000 -0.073963 -0.100421 0.992192 0.000000 0.971646 -0.231303 0.049021 0.000000 0.000000 0.000000 0.000000 1.000000</float_array><technique_common><accessor source="#Bip001Pelvis-Matrix-animation-output-transform-array" count="93" stride="16"><param type="float4x4"/></accessor></technique_common></source><source id="Bip001Pelvis-Interpolations"><Name_array id="Bip001Pelvis-Interpolations-array" count="93">
 LINEAR LINEAR LINEAR LINEAR LINEAR LINEAR LINEAR LINEAR LINEAR LINEAR LINEAR
LINEAR LINEAR LINEAR LINEAR LINEAR LINEAR LINEAR LINEAR LINEAR LINEAR LINEAR LINEAR
LINEAR LINEAR LINEAR LINEAR LINEAR LINEAR LINEAR LINEAR LINEAR LINEAR LINEAR LINEAR
LINEAR LINEAR LINEAR LINEAR LINEAR LINEAR LINEAR LINEAR LINEAR LINEAR LINEAR LINEAR
LINEAR LINEAR LINEAR LINEAR LINEAR LINEAR LINEAR LINEAR LINEAR LINEAR LINEAR LINEAR
LINEAR LINEAR LINEAR LINEAR LINEAR LINEAR LINEAR LINEAR LINEAR LINEAR LINEAR LINEAR
LINEAR LINEAR LINEAR LINEAR LINEAR LINEAR LINEAR LINEAR LINEAR LINEAR LINEAR LINEAR
LINEAR LINEAR LINEAR LINEAR LINEAR LINEAR LINEAR LINEAR LINEAR LINEAR</Name_array><technique_common><accessor source="#Bip001Pelvis-Interpolations-array" count="93"><param type="name"/></accessor></technique_common></source><sampler id="Bip001Pelvis-Matrix-animation-transform"><input semantic="INPUT" source="#Bip001Pelvis-Matrix-animation-input"/><input semantic="OUTPUT" source="#Bip001Pelvis-Matrix-animation-output-transform"/><input semantic="INTERPOLATION" source="#Bip001Pelvis-Interpolations"/></sampler><channel source="#Bip001Pelvis-Matrix-animation-transform" target="Bip001Pelvis/matrix"/></animation></animation>
    <animation id="Bip001Spine-anim" name="Bip001Spine"><animation><source id="Bip001Spine-Matrix-animation-input"><float_array id="Bip001Spine-Matrix-animation-input-array" count="93">

0.000000 0.033333 0.066667 0.100000 0.133333 0.166667 0.200000 0.233333 0.266667 0.300000 0.333333 0.366667 0.400000 0.433333 0.466667 0.500000
0.533333 0.566667 0.600000 0.633333 0.666667 0.700000 0.733333 0.766667 0.800000 0.833333 0.866667 0.900000 0.933333 0.966667 1.000000 1.033333
1.066667 1.100000 1.133333 1.166667 1.200000 1.233333 1.266667 1.300000 1.333333 1.366667 1.400000 1.433333 1.466667 1.500000 1.533333 1.566667
1.600000 1.633333 1.666667 1.700000 1.733333 1.766667 1.800000 1.833333 1.866667 1.900000 1.933333 1.966667 2.000000 2.033333 2.066667 2.100000
2.133333 2.166667 2.200000 2.233333 2.266667 2.300000 2.333333 2.366667 2.400000 2.433333 2.466667 2.500000 2.533333 2.566667 2.600000 2.633333
2.666667 2.700000 2.733333 2.766667 2.800000 2.833333 2.866667 2.900000 2.933333 2.966667 3.000000 3.033333 3.066667</float_array><technique_common><accessor source="#Bip001Spine-Matrix-animation-input-array" count="93"><param name="TIME" type="float"/></accessor></technique_common></source><source id="Bip001Spine-Matrix-animation-output-transform"><float_array id="Bip001Spine-Matrix-animation-output-transform-array" count="1488">

0.961575 -0.264736 -0.072725 0.070383 0.257273 0.961366 -0.097910 -0.040205 0.095835 0.075438 0.992535 0.001178 0.000000 0.000000 0.000000 1.000000
0.967860 -0.245770 -0.053329 0.070030 0.233715 0.957305 -0.170129 -0.040717 0.092865 0.152197 0.983978 -0.003057 0.000000 0.000000 0.000000 1.000000
0.972499 -0.230206 -0.035372 0.070464 0.215241 0.946329 -0.241106 -0.039441 0.088977 0.226862 0.969854 -0.007093 0.000000 0.000000 0.000000 1.000000
0.960360 -0.278295 0.016118 0.073509 0.271773 0.921851 -0.276280 -0.032424 0.062030 0.269709 0.960942 -0.010757 0.000000 0.000000 0.000000 1.000000
0.938711 -0.336965 0.072633 0.075837 0.343173 0.893721 -0.288955 -0.025053 0.032455 0.296171 0.954583 -0.013839 0.000000 0.000000 0.000000 1.000000
0.930321 -0.351126 0.105890 0.076053 0.366691 0.885583 -0.285098 -0.022969 0.006331 0.304062 0.952631 -0.016083 0.000000 0.000000 0.000000 1.000000
0.928505 -0.350609 0.122279 0.075768 0.370935 0.890813 -0.262412 -0.023240 -0.016924 0.289009 0.957177 -0.017015 0.000000 0.000000 0.000000 1.000000
0.928459 -0.351994 0.118589 0.075597 0.370364 0.901550 -0.223691 -0.024473 -0.028176 0.251609 0.967419 -0.016023 0.000000 0.000000 0.000000 1.000000
0.932084 -0.348765 0.097890 0.075377 0.360773 0.918083 -0.164215 -0.026747 -0.032598 0.188378 0.981555 -0.013175 0.000000 0.000000 0.000000 1.000000
0.937667 -0.342890 0.056625 0.075074 0.345871 0.936633 -0.055616 -0.029708 -0.033967 0.071734 0.996845 -0.007219 0.000000 0.000000 0.000000 1.000000
0.944457 -0.327969 0.020921 0.074283 0.326503 0.943665 0.053779 -0.032426 -0.037380 -0.043961 0.998334 -0.001262 0.000000 0.000000 0.000000 1.000000
0.952716 -0.303619 0.012157 0.072994 0.300029 0.946280 0.120570 -0.035214 -0.048111 -0.111222 0.992630 0.001746 0.000000 0.000000 0.000000 1.000000
0.961485 -0.274471 0.014543 0.071509 0.268036 0.948028 0.171462 -0.038000 -0.060849 -0.160960 0.985083 0.003714 0.000000 0.000000 0.000000 1.000000
0.967334 -0.252666 0.020625 0.070463 0.242547 0.946110 0.214587 -0.039739 -0.073733 -0.202575 0.976487 0.005213 0.000000 0.000000 0.000000 1.000000
0.969750 -0.242553 0.027427 0.070138 0.228001 0.940190 0.253099 -0.040140 -0.087176 -0.239189 0.967052 0.006393 0.000000 0.000000 0.000000 1.000000
0.969679 -0.242105 0.033299 0.070379 0.223520 0.933712 0.279681 -0.039602 -0.098803 -0.263757 0.959516 0.007054 0.000000 0.000000 0.000000 1.000000
0.966996 -0.252727 0.032371 0.071190 0.233169 0.928979 0.287454 -0.038080 -0.102720 -0.270419 0.957247 0.007279 0.000000 0.000000 0.000000 1.000000
0.959130 -0.281862 0.024953 0.072719 0.264510 0.924408 0.274781 -0.035140 -0.100517 -0.256951 0.961183 0.006939 0.000000 0.000000 0.000000 1.000000
0.945519 -0.325258 0.014164 0.074584 0.311671 0.916883 0.249373 -0.031123 -0.094097 -0.231372 0.968304 0.006279 0.000000 0.000000 0.000000 1.000000
0.930187 -0.367086 -0.000890 0.076115 0.358665 0.908325 0.215186 -0.027241 -0.078183 -0.200482 0.976573 0.005932 0.000000 0.000000 0.000000 1.000000
0.919534 -0.392350 -0.022777 0.076887 0.389997 0.903785 0.176280 -0.024855 -0.048578 -0.170979 0.984076 0.006431 0.000000 0.000000 0.000000 1.000000
0.925261 -0.370362 -0.082003 0.075709 0.378147 0.917634 0.122279 -0.027196 0.029962 -0.144149 0.989102 0.009968 0.000000 0.000000 0.000000 1.000000
0.932892 -0.334245 -0.134138 0.073555 0.344490 0.936767 0.061595 -0.031788 0.105068 -0.103670 0.989047 0.012262 0.000000 0.000000 0.000000 1.000000
0.940849 -0.314079 -0.127110 0.072418 0.317374 0.948281 0.006023 -0.035119 0.118644 -0.046008 0.991870 0.009682 0.000000 0.000000 0.000000 1.000000
0.951994 -0.289252 -0.100201 0.071345 0.285501 0.957060 -0.050263 -0.038117 0.110437 0.019243 0.993697 0.005334 0.000000 0.000000 0.000000 1.000000
0.961127 -0.265567 -0.075557 0.070405 0.256656 0.960208 -0.110126 -0.040174 0.101797 0.086453 0.991042 0.000890 0.000000 0.000000 0.000000 1.000000
0.967559 -0.245588 -0.059305 0.070019 0.231826 0.956329 -0.178021 -0.040726 0.100435 0.158498 0.982238 -0.003183 0.000000 0.000000 0.000000 1.000000
0.972327 -0.230178 -0.039988 0.070464 0.214136 0.946501 -0.241417 -0.039441 0.093418 0.226174 0.969597 -0.007093 0.000000 0.000000 0.000000 1.000000
0.972419 -0.233094 -0.008293 0.071912 0.220764 0.931287 -0.289772 -0.035805 0.075268 0.279949 0.957060 -0.010832 0.000000 0.000000 0.000000 1.000000
0.964654 -0.262007 0.028187 0.073550 0.257326 0.913527 -0.315041 -0.031258 0.056793 0.311159 0.948659 -0.013554 0.000000 0.000000 0.000000 1.000000
0.946387 -0.317313 0.060524 0.075280 0.320102 0.896006 -0.307748 -0.026388 0.043423 0.310623 0.949541 -0.014386 0.000000 0.000000 0.000000 1.000000
0.930744 -0.357348 0.077577 0.076294 0.364637 0.891028 -0.270389 -0.023617 0.027499 0.279950 0.959621 -0.013852 0.000000 0.000000 0.000000 1.000000
0.935009 -0.348623 0.064962 0.075569 0.354550 0.915269 -0.191253 -0.027024 0.007217 0.201856 0.979389 -0.011392 0.000000 0.000000 0.000000 1.000000
0.944316 -0.325259 0.049744 0.074096 0.328638 0.939793 -0.093730 -0.031889 -0.016262 0.104858 0.994354 -0.007993 0.000000 0.000000 0.000000 1.000000
