<?xml version="1.0" encoding="utf-8"?>
<COLLADA xmlns="http://www.collada.org/2005/11/COLLADASchema" version="1.4.1">
  <asset><contributor><author></author><authoring_tool>FBX COLLADA exporter</authoring_tool><comments></comments></contributor><created>2015-02-27T04:58:09Z</created><keywords></keywords><modified>2015-02-27T04:58:09Z</modified><revision></revision><subject></subject><title></title><unit meter="1.000000" name="centimeter"></unit><up_axis>Y_UP</up_axis></asset>
  <library_animations>
    <animation id="Bip001-anim" name="Bip001"><animation><source id="Bip001-Matrix-animation-input"><float_array id="Bip001-Matrix-animation-input-array" count="111">

0.000000 0.033333 0.066667 0.100000 0.133333 0.166667 0.200000 0.233333 0.266667 0.300000 0.333333 0.366667 0.400000 0.433333 0.466667 0.500000
0.533333 0.566667 0.600000 0.633333 0.666667 0.700000 0.733333 0.766667 0.800000 0.833333 0.866667 0.900000 0.933333 0.966667 1.000000 1.033333
1.066667 1.100000 1.133333 1.166667 1.200000 1.233333 1.266667 1.300000 1.333333 1.366667 1.400000 1.433333 1.466667 1.500000 1.533333 1.566667
1.600000 1.633333 1.666667 1.700000 1.733333 1.766667 1.800000 1.833333 1.866667 1.900000 1.933333 1.966667 2.000000 2.033333 2.066667 2.100000
2.133333 2.166667 2.200000 2.233333 2.266667 2.300000 2.333333 2.366667 2.400000 2.433333 2.466667 2.500000 2.533333 2.566667 2.600000 2.633333
2.666667 2.700000 2.733333 2.766667 2.800000 2.833333 2.866667 2.900000 2.933333 2.966667 3.000000 3.033333 3.066667 3.100000 3.133333 3.166667
3.200000 3.233333 3.266667 3.300000 3.333333 3.366667 3.400000 3.433333 3.466667 3.500000 3.533333 3.566667 3.600000 3.633333 3.666667</float_array><technique_common><accessor source="#Bip001-Matrix-animation-input-array" count="111"><param name="TIME" type="float"/></accessor></technique_common></source><source id="Bip001-Matrix-animation-output-transform"><float_array id="Bip001-Matrix-animation-output-transform-array" count="1776">

0.000000 1.000000 -0.000000 0.015364 -0.000000 0.000000 1.000000 1.199131 1.000000 -0.000000 0.000000 0.036541 0.000000 0.000000 0.000000 1.000000
0.000000 1.000000 -0.000000 0.011061 -0.000000 0.000000 1.000000 1.195255 1.000000 -0.000000 0.000000 0.029859 0.000000 0.000000 0.000000 1.000000
0.000000 1.000000 -0.000000 0.006396 -0.000000 0.000000 1.000000 1.191179 1.000000 -0.000000 0.000000 0.022016 0.000000 0.000000 0.000000 1.000000
0.000000 1.000000 -0.000000 0.001641 -0.000000 0.000000 1.000000 1.187053 1.000000 -0.000000 0.000000 0.013881 0.000000 0.000000 0.000000 1.000000
0.000000 1.000000 -0.000000 -0.002934 -0.000000 0.000000 1.000000 1.183028 1.000000 -0.000000 0.000000 0.006328 0.000000 0.000000 0.000000 1.000000
0.000000 1.000000 -0.000000 -0.007056 -0.000000 0.000000 1.000000 1.179251 1.000000 -0.000000 0.000000 0.000228 0.000000 0.000000 0.000000 1.000000
0.000000 1.000000 -0.000000 -0.010455 -0.000000 0.000000 1.000000 1.175874 1.000000 -0.000000 0.000000 -0.003546 0.000000 0.000000 0.000000 1.000000
0.000000 1.000000 -0.000000 -0.012859 -0.000000 0.000000 1.000000 1.173046 1.000000 -0.000000 0.000000 -0.004123 0.000000 0.000000 0.000000 1.000000
0.000000 1.000000 -0.000000 -0.014049 -0.000000 0.000000 1.000000 1.170780 1.000000 -0.000000 0.000000 -0.000807 0.000000 0.000000 0.000000 1.000000
0.000000 1.000000 -0.000000 -0.014193 -0.000000 0.000000 1.000000 1.168948 1.000000 -0.000000 0.000000 0.005859 0.000000 0.000000 0.000000 1.000000
0.000000 1.000000 -0.000000 -0.013601 -0.000000 0.000000 1.000000 1.167485 1.000000 -0.000000 0.000000 0.014888 0.000000 0.000000 0.000000 1.000000
0.000000 1.000000 -0.000000 -0.012582 -0.000000 0.000000 1.000000 1.166330 1.000000 -0.000000 0.000000 0.025295 0.000000 0.000000 0.000000 1.000000
0.000000 1.000000 -0.000000 -0.011447 -0.000000 0.000000 1.000000 1.165420 1.000000 -0.000000 0.000000 0.036092 0.000000 0.000000 0.000000 1.000000
0.000000 1.000000 -0.000000 -0.010503 -0.000000 0.000000 1.000000 1.164690 1.000000 -0.000000 0.000000 0.046294 0.000000 0.000000 0.000000 1.000000
0.000000 1.000000 -0.000000 -0.010062 -0.000000 0.000000 1.000000 1.164079 1.000000 -0.000000 0.000000 0.054915 0.000000 0.000000 0.000000 1.000000
0.000000 1.000000 -0.000000 -0.010022 -0.000000 0.000000 1.000000 1.163596 1.000000 -0.000000 0.000000 0.062595 0.000000 0.000000 0.000000 1.000000
0.000000 1.000000 -0.000000 -0.010066 -0.000000 0.000000 1.000000 1.163276 1.000000 -0.000000 0.000000 0.070527 0.000000 0.000000 0.000000 1.000000
0.000000 1.000000 -0.000000 -0.010177 -0.000000 0.000000 1.000000 1.163091 1.000000 -0.000000 0.000000 0.078545 0.000000 0.000000 0.000000 1.000000
0.000000 1.000000 -0.000000 -0.010338 -0.000000 0.000000 1.000000 1.163014 1.000000 -0.000000 0.000000 0.086487 0.000000 0.000000 0.000000 1.000000
0.000000 1.000000 -0.000000 -0.010530 -0.000000 0.000000 1.000000 1.163019 1.000000 -0.000000 0.000000 0.094190 0.000000 0.000000 0.000000 1.000000
0.000000 1.000000 -0.000000 -0.010738 -0.000000 0.000000 1.000000 1.163077 1.000000 -0.000000 0.000000 0.101490 0.000000 0.000000 0.000000 1.000000
0.000000 1.000000 -0.000000 -0.010943 -0.000000 0.000000 1.000000 1.163161 1.000000 -0.000000 0.000000 0.108223 0.000000 0.000000 0.000000 1.000000
0.000000 1.000000 -0.000000 -0.011129 -0.000000 0.000000 1.000000 1.163244 1.000000 -0.000000 0.000000 0.114227 0.000000 0.000000 0.000000 1.000000
0.000000 1.000000 -0.000000 -0.011278 -0.000000 0.000000 1.000000 1.163300 1.000000 -0.000000 0.000000 0.119339 0.000000 0.000000 0.000000 1.000000
0.000000 1.000000 -0.000000 -0.011373 -0.000000 0.000000 1.000000 1.163299 1.000000 -0.000000 0.000000 0.123394 0.000000 0.000000 0.000000 1.000000
0.000000 1.000000 -0.000000 -0.011425 -0.000000 0.000000 1.000000 1.163294 1.000000 -0.000000 0.000000 0.126434 0.000000 0.000000 0.000000 1.000000
0.000000 1.000000 -0.000000 -0.011457 -0.000000 0.000000 1.000000 1.163341 1.000000 -0.000000 0.000000 0.128673 0.000000 0.000000 0.000000 1.000000
0.000000 1.000000 -0.000000 -0.011472 -0.000000 0.000000 1.000000 1.163424 1.000000 -0.000000 0.000000 0.130201 0.000000 0.000000 0.000000 1.000000
0.000000 1.000000 -0.000000 -0.011475 -0.000000 0.000000 1.000000 1.163524 1.000000 -0.000000 0.000000 0.131110 0.000000 0.000000 0.000000 1.000000
0.000000 1.000000 -0.000000 -0.011466 -0.000000 0.000000 1.000000 1.163626 1.000000 -0.000000 0.000000 0.131492 0.000000 0.000000 0.000000 1.000000
0.000000 1.000000 -0.000000 -0.011451 -0.000000 0.000000 1.000000 1.163712 1.000000 -0.000000 0.000000 0.131438 0.000000 0.000000 0.000000 1.000000
0.000000 1.000000 -0.000000 -0.011431 -0.000000 0.000000 1.000000 1.163764 1.000000 -0.000000 0.000000 0.131039 0.000000 0.000000 0.000000 1.000000
0.000000 1.000000 -0.000000 -0.011411 -0.000000 0.000000 1.000000 1.163766 1.000000 -0.000000 0.000000 0.130388 0.000000 0.000000 0.000000 1.000000
0.000000 1.000000 -0.000000 -0.011392 -0.000000 0.000000 1.000000 1.163701 1.000000 -0.000000 0.000000 0.129576 0.000000 0.000000 0.000000 1.000000
0.000000 1.000000 -0.000000 -0.011379 -0.000000 0.000000 1.000000 1.163551 1.000000 -0.000000 0.000000 0.128695 0.000000 0.000000 0.000000 1.000000
0.000000 1.000000 -0.000000 -0.011373 -0.000000 0.000000 1.000000 1.163299 1.000000 -0.000000 0.000000 0.127836 0.000000 0.000000 0.000000 1.000000
0.000000 1.000000 -0.000000 -0.011373 -0.000000 0.000000 1.000000 1.162982 1.000000 -0.000000 0.000000 0.126984 0.000000 0.000000 0.000000 1.000000
0.000000 1.000000 -0.000000 -0.011373 -0.000000 0.000000 1.000000 1.162648 1.000000 -0.000000 0.000000 0.126067 0.000000 0.000000 0.000000 1.000000
0.000000 1.000000 -0.000000 -0.011373 -0.000000 0.000000 1.000000 1.162298 1.000000 -0.000000 0.000000 0.125088 0.000000 0.000000 0.000000 1.000000
0.000000 1.000000 -0.000000 -0.011373 -0.000000 0.000000 1.000000 1.161933 1.000000 -0.000000 0.000000 0.124052 0.000000 0.000000 0.000000 1.000000
0.000000 1.000000 -0.000000 -0.011373 -0.000000 0.000000 1.000000 1.161554 1.000000 -0.000000 0.000000 0.122963 0.000000 0.000000 0.000000 1.000000
0.000000 1.000000 -0.000000 -0.011373 -0.000000 0.000000 1.000000 1.161163 1.000000 -0.000000 0.000000 0.121825 0.000000 0.000000 0.000000 1.000000
0.000000 1.000000 -0.000000 -0.011373 -0.000000 0.000000 1.000000 1.160760 1.000000 -0.000000 0.000000 0.120642 0.000000 0.000000 0.000000 1.000000
0.000000 1.000000 -0.000000 -0.011373 -0.000000 0.000000 1.000000 1.160347 1.000000 -0.000000 0.000000 0.119417 0.000000 0.000000 0.000000 1.000000
0.000000 1.000000 -0.000000 -0.011373 -0.000000 0.000000 1.000000 1.159924 1.000000 -0.000000 0.000000 0.118156 0.000000 0.000000 0.000000 1.000000
0.000000 1.000000 -0.000000 -0.011373 -0.000000 0.000000 1.000000 1.159492 1.000000 -0.000000 0.000000 0.116862 0.000000 0.000000 0.000000 1.000000
0.000000 1.000000 -0.000000 -0.011373 -0.000000 0.000000 1.000000 1.159054 1.000000 -0.000000 0.000000 0.115539 0.000000 0.000000 0.000000 1.000000
0.000000 1.000000 -0.000000 -0.011373 -0.000000 0.000000 1.000000 1.158609 1.000000 -0.000000 0.000000 0.114192 0.000000 0.000000 0.000000 1.000000
0.000000 1.000000 -0.000000 -0.011373 -0.000000 0.000000 1.000000 1.158159 1.000000 -0.000000 0.000000 0.112824 0.000000 0.000000 0.000000 1.000000
0.000000 1.000000 -0.000000 -0.011373 -0.000000 0.000000 1.000000 1.157705 1.000000 -0.000000 0.000000 0.111439 0.000000 0.000000 0.000000 1.000000
0.000000 1.000000 -0.000000 -0.011373 -0.000000 0.000000 1.000000 1.157248 1.000000 -0.000000 0.000000 0.110042 0.000000 0.000000 0.000000 1.000000
0.000000 1.000000 -0.000000 -0.011373 -0.000000 0.000000 1.000000 1.156788 1.000000 -0.000000 0.000000 0.108637 0.000000 0.000000 0.000000 1.000000
0.000000 1.000000 -0.000000 -0.011373 -0.000000 0.000000 1.000000 1.156328 1.000000 -0.000000 0.000000 0.107228 0.000000 0.000000 0.000000 1.000000
0.000000 1.000000 -0.000000 -0.011373 -0.000000 0.000000 1.000000 1.155869 1.000000 -0.000000 0.000000 0.105818 0.000000 0.000000 0.000000 1.000000
0.000000 1.000000 -0.000000 -0.011373 -0.000000 0.000000 1.000000 1.155410 1.000000 -0.000000 0.000000 0.104412 0.000000 0.000000 0.000000 1.000000
0.000000 1.000000 -0.000000 -0.011373 -0.000000 0.000000 1.000000 1.154953 1.000000 -0.000000 0.000000 0.103014 0.000000 0.000000 0.000000 1.000000
0.000000 1.000000 -0.000000 -0.011373 -0.000000 0.000000 1.000000 1.154500 1.000000 -0.000000 0.000000 0.101629 0.000000 0.000000 0.000000 1.000000
0.000000 1.000000 -0.000000 -0.011373 -0.000000 0.000000 1.000000 1.154052 1.000000 -0.000000 0.000000 0.100259 0.000000 0.000000 0.000000 1.000000
0.000000 1.000000 -0.000000 -0.011373 -0.000000 0.000000 1.000000 1.153609 1.000000 -0.000000 0.000000 0.098910 0.000000 0.000000 0.000000 1.000000
0.000000 1.000000 -0.000000 -0.011373 -0.000000 0.000000 1.000000 1.153172 1.000000 -0.000000 0.000000 0.097585 0.000000 0.000000 0.000000 1.000000
0.000000 1.000000 -0.000000 -0.011373 -0.000000 0.000000 1.000000 1.152744 1.000000 -0.000000 0.000000 0.096289 0.000000 0.000000 0.000000 1.000000
0.000000 1.000000 -0.000000 -0.011373 -0.000000 0.000000 1.000000 1.152324 1.000000 -0.000000 0.000000 0.095025 0.000000 0.000000 0.000000 1.000000
0.000000 1.000000 -0.000000 -0.011373 -0.000000 0.000000 1.000000 1.151914 1.000000 -0.000000 0.000000 0.093797 0.000000 0.000000 0.000000 1.000000
0.000000 1.000000 -0.000000 -0.011373 -0.000000 0.000000 1.000000 1.151514 1.000000 -0.000000 0.000000 0.092610 0.000000 0.000000 0.000000 1.000000
0.000000 1.000000 -0.000000 -0.011373 -0.000000 0.000000 1.000000 1.151127 1.000000 -0.000000 0.000000 0.091468 0.000000 0.000000 0.000000 1.000000
0.000000 1.000000 -0.000000 -0.011373 -0.000000 0.000000 1.000000 1.150753 1.000000 -0.000000 0.000000 0.090375 0.000000 0.000000 0.000000 1.000000
0.000000 1.000000 -0.000000 -0.011373 -0.000000 0.000000 1.000000 1.150392 1.000000 -0.000000 0.000000 0.089335 0.000000 0.000000 0.000000 1.000000
0.000000 1.000000 -0.000000 -0.011373 -0.000000 0.000000 1.000000 1.150047 1.000000 -0.000000 0.000000 0.088351 0.000000 0.000000 0.000000 1.000000
0.000000 1.000000 -0.000000 -0.011373 -0.000000 0.000000 1.000000 1.149718 1.000000 -0.000000 0.000000 0.087429 0.000000 0.000000 0.000000 1.000000
0.000000 1.000000 -0.000000 -0.011373 -0.000000 0.000000 1.000000 1.149407 1.000000 -0.000000 0.000000 0.086572 0.000000 0.000000 0.000000 1.000000
0.000000 1.000000 -0.000000 -0.011373 -0.000000 0.000000 1.000000 1.149113 1.000000 -0.000000 0.000000 0.085784 0.000000 0.000000 0.000000 1.000000
0.000000 1.000000 -0.000000 -0.011373 -0.000000 0.000000 1.000000 1.148959 1.000000 -0.000000 0.000000 0.085245 0.000000 0.000000 0.000000 1.000000
0.000000 1.000000 -0.000000 -0.011373 -0.000000 0.000000 1.000000 1.149030 1.000000 -0.000000 0.000000 0.085091 0.000000 0.000000 0.000000 1.000000
0.000000 1.000000 -0.000000 -0.011373 -0.000000 0.000000 1.000000 1.149281 1.000000 -0.000000 0.000000 0.085262 0.000000 0.000000 0.000000 1.000000
0.000000 1.000000 -0.000000 -0.011373 -0.000000 0.000000 1.000000 1.149663 1.000000 -0.000000 0.000000 0.085695 0.000000 0.000000 0.000000 1.000000
0.000000 1.000000 -0.000000 -0.011373 -0.000000 0.000000 1.000000 1.150131 1.000000 -0.000000 0.000000 0.086329 0.000000 0.000000 0.000000 1.000000
0.000000 1.000000 -0.000000 -0.011373 -0.000000 0.000000 1.000000 1.150637 1.000000 -0.000000 0.000000 0.087103 0.000000 0.000000 0.000000 1.000000
0.000000 1.000000 -0.000000 -0.011373 -0.000000 0.000000 1.000000 1.151133 1.000000 -0.000000 0.000000 0.087956 0.000000 0.000000 0.000000 1.000000
0.000000 1.000000 -0.000000 -0.011373 -0.000000 0.000000 1.000000 1.151573 1.000000 -0.000000 0.000000 0.088826 0.000000 0.000000 0.000000 1.000000
0.000000 1.000000 -0.000000 -0.011373 -0.000000 0.000000 1.000000 1.151909 1.000000 -0.000000 0.000000 0.089651 0.000000 0.000000 0.000000 1.000000
0.000000 1.000000 -0.000000 -0.011373 -0.000000 0.000000 1.000000 1.152095 1.000000 -0.000000 0.000000 0.090371 0.000000 0.000000 0.000000 1.000000
0.000000 1.000000 -0.000000 -0.011373 -0.000000 0.000000 1.000000 1.152083 1.000000 -0.000000 0.000000 0.090924 0.000000 0.000000 0.000000 1.000000
0.000000 1.000000 -0.000000 -0.011373 -0.000000 0.000000 1.000000 1.151826 1.000000 -0.000000 0.000000 0.091248 0.000000 0.000000 0.000000 1.000000
0.000000 1.000000 -0.000000 -0.011373 -0.000000 0.000000 1.000000 1.151276 1.000000 -0.000000 0.000000 0.091283 0.000000 0.000000 0.000000 1.000000
0.000000 1.000000 -0.000000 -0.011373 -0.000000 0.000000 1.000000 1.150388 1.000000 -0.000000 0.000000 0.090967 0.000000 0.000000 0.000000 1.000000
0.000000 1.000000 -0.000000 -0.011373 -0.000000 0.000000 1.000000 1.149113 1.000000 -0.000000 0.000000 0.090238 0.000000 0.000000 0.000000 1.000000
0.000000 1.000000 -0.000000 -0.011373 -0.000000 0.000000 1.000000 1.146221 1.000000 -0.000000 0.000000 0.088450 0.000000 0.000000 0.000000 1.000000
0.000000 1.000000 -0.000000 -0.011373 -0.000000 0.000000 1.000000 1.141031 1.000000 -0.000000 0.000000 0.085079 0.000000 0.000000 0.000000 1.000000
0.000000 1.000000 -0.000000 -0.011373 -0.000000 0.000000 1.000000 1.134319 1.000000 -0.000000 0.000000 0.080246 0.000000 0.000000 0.000000 1.000000
0.000000 1.000000 -0.000000 -0.011373 -0.000000 0.000000 1.000000 1.126863 1.000000 -0.000000 0.000000 0.074070 0.000000 0.000000 0.000000 1.000000
0.000000 1.000000 -0.000000 -0.011373 -0.000000 0.000000 1.000000 1.119442 1.000000 -0.000000 0.000000 0.066674 0.000000 0.000000 0.000000 1.000000
0.000000 1.000000 -0.000000 -0.011373 -0.000000 0.000000 1.000000 1.110422 1.000000 -0.000000 0.000000 0.056015 0.000000 0.000000 0.000000 1.000000
0.000000 1.000000 -0.000000 -0.011373 -0.000000 0.000000 1.000000 1.099016 1.000000 -0.000000 0.000000 0.041763 0.000000 0.000000 0.000000 1.000000
0.000000 1.000000 -0.000000 -0.011373 -0.000000 0.000000 1.000000 1.087274 1.000000 -0.000000 0.000000 0.026607 0.000000 0.000000 0.000000 1.000000
0.000000 1.000000 -0.000000 -0.011373 -0.000000 0.000000 1.000000 1.077245 1.000000 -0.000000 0.000000 0.013237 0.000000 0.000000 0.000000 1.000000
0.000000 1.000000 -0.000000 -0.011373 -0.000000 0.000000 1.000000 1.070978 1.000000 -0.000000 0.000000 0.004341 0.000000 0.000000 0.000000 1.000000
0.000000 1.000000 -0.000000 -0.011373 -0.000000 0.000000 1.000000 1.070522 1.000000 -0.000000 0.000000 0.002609 0.000000 0.000000 0.000000 1.000000
0.000000 1.000000 -0.000000 -0.011373 -0.000000 0.000000 1.000000 1.076182 1.000000 -0.000000 0.000000 0.008172 0.000000 0.000000 0.000000 1.000000
0.000000 1.000000 -0.000000 -0.011373 -0.000000 0.000000 1.000000 1.086057 1.000000 -0.000000 0.000000 0.018479 0.000000 0.000000 0.000000 1.000000
0.000000 1.000000 -0.000000 -0.011373 -0.000000 0.000000 1.000000 1.098889 1.000000 -0.000000 0.000000 0.032194 0.000000 0.000000 0.000000 1.000000
0.000000 1.000000 -0.000000 -0.011373 -0.000000 0.000000 1.000000 1.113416 1.000000 -0.000000 0.000000 0.047980 0.000000 0.000000 0.000000 1.000000
0.000000 1.000000 -0.000000 -0.011373 -0.000000 0.000000 1.000000 1.128380 1.000000 -0.000000 0.000000 0.064502 0.000000 0.000000 0.000000 1.000000
0.000000 1.000000 -0.000000 -0.011373 -0.000000 0.000000 1.000000 1.142522 1.000000 -0.000000 0.000000 0.080422 0.000000 0.000000 0.000000 1.000000
0.000000 1.000000 -0.000000 -0.011373 -0.000000 0.000000 1.000000 1.154581 1.000000 -0.000000 0.000000 0.094405 0.000000 0.000000 0.000000 1.000000
0.000000 1.000000 -0.000000 -0.011373 -0.000000 0.000000 1.000000 1.163299 1.000000 -0.000000 0.000000 0.105115 0.000000 0.000000 0.000000 1.000000
0.000000 1.000000 -0.000000 -0.011373 -0.000000 0.000000 1.000000 1.167901 1.000000 -0.000000 0.000000 0.112037 0.000000 0.000000 0.000000 1.000000
0.000000 1.000000 -0.000000 -0.011373 -0.000000 0.000000 1.000000 1.169190 1.000000 -0.000000 0.000000 0.116169 0.000000 0.000000 0.000000 1.000000
0.000000 1.000000 -0.000000 -0.011373 -0.000000 0.000000 1.000000 1.168269 1.000000 -0.000000 0.000000 0.118440 0.000000 0.000000 0.000000 1.000000
0.000000 1.000000 -0.000000 -0.011373 -0.000000 0.000000 1.000000 1.166244 1.000000 -0.000000 0.000000 0.119781 0.000000 0.000000 0.000000 1.000000
0.000000 1.000000 -0.000000 -0.011373 -0.000000 0.000000 1.000000 1.164219 1.000000 -0.000000 0.000000 0.121122 0.000000 0.000000 0.000000 1.000000
0.000000 1.000000 -0.000000 -0.011373 -0.000000 0.000000 1.000000 1.163299 1.000000 -0.000000 0.000000 0.123394 0.000000 0.000000 0.000000 1.000000</float_array><technique_common><accessor source="#Bip001-Matrix-animation-output-transform-array" count="111" stride="16"><param type="float4x4"/></accessor></technique_common></source><source id="Bip001-Interpolations"><Name_array id="Bip001-Interpolations-array" count="111">
 LINEAR LINEAR LINEAR LINEAR LINEAR LINEAR LINEAR LINEAR LINEAR LINEAR LINEAR
LINEAR LINEAR LINEAR LINEAR LINEAR LINEAR LINEAR LINEAR LINEAR LINEAR LINEAR LINEAR
LINEAR LINEAR LINEAR LINEAR LINEAR LINEAR LINEAR LINEAR LINEAR LINEAR LINEAR LINEAR
LINEAR LINEAR LINEAR LINEAR LINEAR LINEAR LINEAR LINEAR LINEAR LINEAR LINEAR LINEAR
LINEAR LINEAR LINEAR LINEAR LINEAR LINEAR LINEAR LINEAR LINEAR LINEAR LINEAR LINEAR
LINEAR LINEAR LINEAR LINEAR LINEAR LINEAR LINEAR LINEAR LINEAR LINEAR LINEAR LINEAR
LINEAR LINEAR LINEAR LINEAR LINEAR LINEAR LINEAR LINEAR LINEAR LINEAR LINEAR LINEAR
LINEAR LINEAR LINEAR LINEAR LINEAR LINEAR LINEAR LINEAR LINEAR LINEAR LINEAR LINEAR
LINEAR LINEAR LINEAR LINEAR LINEAR LINEAR LINEAR LINEAR LINEAR LINEAR LINEAR LINEAR
LINEAR LINEAR LINEAR LINEAR</Name_array><technique_common><accessor source="#Bip001-Interpolations-array" count="111"><param type="name"/></accessor></technique_common></source><sampler id="Bip001-Matrix-animation-transform"><input semantic="INPUT" source="#Bip001-Matrix-animation-input"/><input semantic="OUTPUT" source="#Bip001-Matrix-animation-output-transform"/><input semantic="INTERPOLATION" source="#Bip001-Interpolations"/></sampler><channel source="#Bip001-Matrix-animation-transform" target="Bip001/matrix"/></animation></animation>
    <animation id="Bip001Pelvis-anim" name="Bip001Pelvis"><animation><source id="Bip001Pelvis-Matrix-animation-input"><float_array id="Bip001Pelvis-Matrix-animation-input-array" count="111">

0.000000 0.033333 0.066667 0.100000 0.133333 0.166667 0.200000 0.233333 0.266667 0.300000 0.333333 0.366667 0.400000 0.433333 0.466667 0.500000
0.533333 0.566667 0.600000 0.633333 0.666667 0.700000 0.733333 0.766667 0.800000 0.833333 0.866667 0.900000 0.933333 0.966667 1.000000 1.033333
1.066667 1.100000 1.133333 1.166667 1.200000 1.233333 1.266667 1.300000 1.333333 1.366667 1.400000 1.433333 1.466667 1.500000 1.533333 1.566667
1.600000 1.633333 1.666667 1.700000 1.733333 1.766667 1.800000 1.833333 1.866667 1.900000 1.933333 1.966667 2.000000 2.033333 2.066667 2.100000
2.133333 2.166667 2.200000 2.233333 2.266667 2.300000 2.333333 2.366667 2.400000 2.433333 2.466667 2.500000 2.533333 2.566667 2.600000 2.633333
2.666667 2.700000 2.733333 2.766667 2.800000 2.833333 2.866667 2.900000 2.933333 2.966667 3.000000 3.033333 3.066667 3.100000 3.133333 3.166667
3.200000 3.233333 3.266667 3.300000 3.333333 3.366667 3.400000 3.433333 3.466667 3.500000 3.533333 3.566667 3.600000 3.633333 3.666667</float_array><technique_common><accessor source="#Bip001Pelvis-Matrix-animation-input-array" count="111"><param name="TIME" type="float"/></accessor></technique_common></source><source id="Bip001Pelvis-Matrix-animation-output-transform"><float_array id="Bip001Pelvis-Matrix-animation-output-transform-array" count="1776">

-0.000000 1.000000 -0.000001 0.000000 0.033323 0.000001 0.999445 0.000000 0.999445 -0.000000 -0.033323 0.000000 0.000000 0.000000 0.000000 1.000000
-0.000084 0.999977 0.006807 0.000000 0.031525 -0.006801 0.999480 0.000000 0.999503 0.000298 -0.031524 0.000000 0.000000 0.000000 0.000000 1.000000
-0.000184 0.999903 0.013930 0.000000 0.029645 -0.013919 0.999464 0.000000 0.999560 0.000597 -0.029640 0.000000 0.000000 0.000000 0.000000 1.000000
-0.000302 0.999774 0.021274 0.000000 0.027707 -0.021257 0.999390 0.000000 0.999616 0.000891 -0.027695 0.000000 0.000000 0.000000 0.000000 1.000000
-0.000436 0.999587 0.028741 0.000000 0.025737 -0.028720 0.999256 0.000000 0.999669 0.001176 -0.025714 0.000000 0.000000 0.000000 0.000000 1.000000
-0.000586 0.999343 0.036239 0.000000 0.023759 -0.036215 0.999062 0.000000 0.999718 0.001446 -0.023723 0.000000 0.000000 0.000000 0.000000 1.000000
-0.000749 0.999046 0.043671 0.000000 0.021800 -0.043644 0.998809 0.000000 0.999762 0.001700 -0.021746 0.000000 0.000000 0.000000 0.000000 1.000000
-0.000923 0.998701 0.050943 0.000000 0.019882 -0.050914 0.998505 0.000000 0.999802 0.001934 -0.019810 0.000000 0.000000 0.000000 0.000000 1.000000
-0.001104 0.998318 0.057959 0.000000 0.018033 -0.057930 0.998158 0.000000 0.999837 0.002147 -0.017939 0.000000 0.000000 0.000000 0.000000 1.000000
-0.001288 0.997909 0.064627 0.000000 0.016276 -0.064598 0.997779 0.000000 0.999867 0.002337 -0.016158 0.000000 0.000000 0.000000 0.000000 1.000000
-0.001470 0.997486 0.070851 0.000000 0.014636 -0.070822 0.997382 0.000000 0.999892 0.002503 -0.014495 0.000000 0.000000 0.000000 0.000000 1.000000
-0.001646 0.997065 0.076538 0.000000 0.013138 -0.076510 0.996982 0.000000 0.999912 0.002647 -0.012973 0.000000 0.000000 0.000000 0.000000 1.000000
-0.001810 0.996664 0.081594 0.000000 0.011806 -0.081567 0.996598 0.000000 0.999929 0.002767 -0.011619 0.000000 0.000000 0.000000 0.000000 1.000000
-0.001955 0.996300 0.085925 0.000000 0.010666 -0.085899 0.996247 0.000000 0.999941 0.002864 -0.010458 0.000000 0.000000 0.000000 0.000000 1.000000
-0.002074 0.995998 0.089351 0.000000 0.009764 -0.089326 0.995955 0.000000 0.999950 0.002938 -0.009539 0.000000 0.000000 0.000000 0.000000 1.000000
-0.002162 0.995771 0.091844 0.000000 0.009107 -0.091821 0.995734 0.000000 0.999956 0.002989 -0.008870 0.000000 0.000000 0.000000 0.000000 1.000000
-0.002223 0.995613 0.093541 0.000000 0.008660 -0.093518 0.995580 0.000000 0.999960 0.003023 -0.008415 0.000000 0.000000 0.000000 0.000000 1.000000
-0.002261 0.995515 0.094578 0.000000 0.008388 -0.094556 0.995484 0.000000 0.999962 0.003044 -0.008136 0.000000 0.000000 0.000000 0.000000 1.000000
-0.002280 0.995466 0.095089 0.000000 0.008253 -0.095068 0.995437 0.000000 0.999963 0.003054 -0.007999 0.000000 0.000000 0.000000 0.000000 1.000000
-0.002284 0.995454 0.095212 0.000000 0.008220 -0.095190 0.995425 0.000000 0.999964 0.003056 -0.007966 0.000000 0.000000 0.000000 0.000000 1.000000
-0.002279 0.995467 0.095082 0.000000 0.008255 -0.095060 0.995437 0.000000 0.999963 0.003054 -0.008001 0.000000 0.000000 0.000000 0.000000 1.000000
-0.002270 0.995491 0.094833 0.000000 0.008320 -0.094811 0.995461 0.000000 0.999963 0.003049 -0.008068 0.000000 0.000000 0.000000 0.000000 1.000000
-0.002262 0.995513 0.094602 0.000000 0.008381 -0.094580 0.995482 0.000000 0.999962 0.003044 -0.008130 0.000000 0.000000 0.000000 0.000000 1.000000
-0.002259 0.995520 0.094524 0.000000 0.008402 -0.094502 0.995489 0.000000 0.999962 0.003043 -0.008150 0.000000 0.000000 0.000000 0.000000 1.000000
-0.002267 0.995500 0.094735 0.000000 0.008346 -0.094713 0.995470 0.000000 0.999963 0.003047 -0.008094 0.000000 0.000000 0.000000 0.000000 1.000000
-0.002279 0.995468 0.095066 0.000000 0.008259 -0.095044 0.995439 0.000000 0.999963 0.003053 -0.008005 0.000000 0.000000 0.000000 0.000000 1.000000
-0.002286 0.995449 0.095271 0.000000 0.008205 -0.095249 0.995420 0.000000 0.999964 0.003057 -0.007950 0.000000 0.000000 0.000000 0.000000 1.000000
-0.002290 0.995439 0.095370 0.000000 0.008179 -0.095348 0.995410 0.000000 0.999964 0.003059 -0.007923 0.000000 0.000000 0.000000 0.000000 1.000000
-0.002290 0.995438 0.095383 0.000000 0.008175 -0.095362 0.995409 0.000000 0.999964 0.003060 -0.007920 0.000000 0.000000 0.000000 0.000000 1.000000
-0.002288 0.995443 0.095330 0.000000 0.008189 -0.095309 0.995414 0.000000 0.999964 0.003059 -0.007934 0.000000 0.000000 0.000000 0.000000 1.000000
-0.002285 0.995453 0.095231 0.000000 0.008215 -0.095209 0.995423 0.000000 0.999964 0.003057 -0.007961 0.000000 0.000000 0.000000 0.000000 1.000000
-0.002280 0.995465 0.095105 0.000000 0.008249 -0.095083 0.995435 0.000000 0.999963 0.003054 -0.007994 0.000000 0.000000 0.000000 0.000000 1.000000
-0.002275 0.995477 0.094973 0.000000 0.008283 -0.094951 0.995447 0.000000 0.999963 0.003052 -0.008030 0.000000 0.000000 0.000000 0.000000 1.000000
-0.002271 0.995489 0.094854 0.000000 0.008315 -0.094832 0.995459 0.000000 0.999963 0.003049 -0.008062 0.000000 0.000000 0.000000 0.000000 1.000000
-0.002268 0.995497 0.094768 0.000000 0.008337 -0.094746 0.995467 0.000000 0.999963 0.003048 -0.008085 0.000000 0.000000 0.000000 0.000000 1.000000
-0.002267 0.995500 0.094735 0.000000 0.008346 -0.094713 0.995470 0.000000 0.999963 0.003047 -0.008094 0.000000 0.000000 0.000000 0.000000 1.000000
-0.002267 0.995500 0.094735 0.000000 0.008346 -0.094713 0.995470 0.000000 0.999963 0.003047 -0.008094 0.000000 0.000000 0.000000 0.000000 1.000000
-0.002267 0.995500 0.094735 0.000000 0.008346 -0.094713 0.995470 0.000000 0.999963 0.003047 -0.008094 0.000000 0.000000 0.000000 0.000000 1.000000
-0.002267 0.995500 0.094735 0.000000 0.008346 -0.094713 0.995470 0.000000 0.999963 0.003047 -0.008094 0.000000 0.000000 0.000000 0.000000 1.000000
-0.002267 0.995500 0.094735 0.000000 0.008346 -0.094713 0.995470 0.000000 0.999963 0.003047 -0.008094 0.000000 0.000000 0.000000 0.000000 1.000000
-0.002267 0.995500 0.094735 0.000000 0.008346 -0.094713 0.995470 0.000000 0.999963 0.003047 -0.008094 0.000000 0.000000 0.000000 0.000000 1.000000
-0.002267 0.995500 0.094735 0.000000 0.008346 -0.094713 0.995470 0.000000 0.999963 0.003047 -0.008094 0.000000 0.000000 0.000000 0.000000 1.000000
-0.002267 0.995500 0.094735 0.000000 0.008346 -0.094713 0.995470 0.000000 0.999963 0.003047 -0.008094 0.000000 0.000000 0.000000 0.000000 1.000000
-0.002267 0.995500 0.094735 0.000000 0.008346 -0.094713 0.995470 0.000000 0.999963 0.003047 -0.008094 0.000000 0.000000 0.000000 0.000000 1.000000
-0.002267 0.995500 0.094735 0.000000 0.008346 -0.094713 0.995470 0.000000 0.999963 0.003047 -0.008094 0.000000 0.000000 0.000000 0.000000 1.000000
-0.002267 0.995500 0.094735 0.000000 0.008346 -0.094713 0.995470 0.000000 0.999963 0.003047 -0.008094 0.000000 0.000000 0.000000 0.000000 1.000000
-0.002267 0.995500 0.094735 0.000000 0.008346 -0.094713 0.995470 0.000000 0.999963 0.003047 -0.008094 0.000000 0.000000 0.000000 0.000000 1.000000
-0.002267 0.995500 0.094735 0.000000 0.008346 -0.094713 0.995470 0.000000 0.999963 0.003047 -0.008094 0.000000 0.000000 0.000000 0.000000 1.000000
-0.002267 0.995500 0.094735 0.000000 0.008346 -0.094713 0.995470 0.000000 0.999963 0.003047 -0.008094 0.000000 0.000000 0.000000 0.000000 1.000000
-0.002267 0.995500 0.094735 0.000000 0.008346 -0.094713 0.995470 0.000000 0.999963 0.003047 -0.008094 0.000000 0.000000 0.000000 0.000000 1.000000
-0.002267 0.995500 0.094735 0.000000 0.008346 -0.094713 0.995470 0.000000 0.999963 0.003047 -0.008094 0.000000 0.000000 0.000000 0.000000 1.000000
-0.002267 0.995500 0.094735 0.000000 0.008346 -0.094713 0.995470 0.000000 0.999963 0.003047 -0.008094 0.000000 0.000000 0.000000 0.000000 1.000000
-0.002267 0.995500 0.094735 0.000000 0.008346 -0.094713 0.995470 0.000000 0.999963 0.003047 -0.008094 0.000000 0.000000 0.000000 0.000000 1.000000
-0.002267 0.995500 0.094735 0.000000 0.008346 -0.094713 0.995470 0.000000 0.999963 0.003047 -0.008094 0.000000 0.000000 0.000000 0.000000 1.000000
-0.002267 0.995500 0.094735 0.000000 0.008346 -0.094713 0.995470 0.000000 0.999963 0.003047 -0.008094 0.000000 0.000000 0.000000 0.000000 1.000000
-0.002267 0.995500 0.094735 0.000000 0.008346 -0.094713 0.995470 0.000000 0.999963 0.003047 -0.008094 0.000000 0.000000 0.000000 0.000000 1.000000
-0.002267 0.995500 0.094735 0.000000 0.008346 -0.094713 0.995470 0.000000 0.999963 0.003047 -0.008094 0.000000 0.000000 0.000000 0.000000 1.000000
-0.002267 0.995500 0.094735 0.000000 0.008346 -0.094713 0.995470 0.000000 0.999963 0.003047 -0.008094 0.000000 0.000000 0.000000 0.000000 1.000000
-0.002267 0.995500 0.094735 0.000000 0.008346 -0.094713 0.995470 0.000000 0.999963 0.003047 -0.008094 0.000000 0.000000 0.000000 0.000000 1.000000
-0.002267 0.995500 0.094735 0.000000 0.008346 -0.094713 0.995470 0.000000 0.999963 0.003047 -0.008094 0.000000 0.000000 0.000000 0.000000 1.000000
-0.002267 0.995500 0.094735 0.000000 0.008346 -0.094713 0.995470 0.000000 0.999963 0.003047 -0.008094 0.000000 0.000000 0.000000 0.000000 1.000000
-0.002267 0.995500 0.094735 0.000000 0.008346 -0.094713 0.995470 0.000000 0.999963 0.003047 -0.008094 0.000000 0.000000 0.000000 0.000000 1.000000
-0.002267 0.995500 0.094735 0.000000 0.008346 -0.094713 0.995470 0.000000 0.999963 0.003047 -0.008094 0.000000 0.000000 0.000000 0.000000 1.000000
-0.002267 0.995500 0.094735 0.000000 0.008346 -0.094713 0.995470 0.000000 0.999963 0.003047 -0.008094 0.000000 0.000000 0.000000 0.000000 1.000000
-0.002267 0.995500 0.094735 0.000000 0.008346 -0.094713 0.995470 0.000000 0.999963 0.003047 -0.008094 0.000000 0.000000 0.000000 0.000000 1.000000
-0.002267 0.995500 0.094735 0.000000 0.008346 -0.094713 0.995470 0.000000 0.999963 0.003047 -0.008094 0.000000 0.000000 0.000000 0.000000 1.000000
-0.002267 0.995500 0.094735 0.000000 0.008346 -0.094713 0.995470 0.000000 0.999963 0.003047 -0.008094 0.000000 0.000000 0.000000 0.000000 1.000000
-0.002267 0.995500 0.094735 0.000000 0.008346 -0.094713 0.995470 0.000000 0.999963 0.003047 -0.008094 0.000000 0.000000 0.000000 0.000000 1.000000
-0.002267 0.995500 0.094735 0.000000 0.008346 -0.094713 0.995470 0.000000 0.999963 0.003047 -0.008094 0.000000 0.000000 0.000000 0.000000 1.000000
-0.002267 0.995500 0.094735 0.000000 0.008346 -0.094713 0.995470 0.000000 0.999963 0.003047 -0.008094 0.000000 0.000000 0.000000 0.000000 1.000000
-0.002267 0.995500 0.094735 0.000000 0.008346 -0.094713 0.995470 0.000000 0.999963 0.003047 -0.008094 0.000000 0.000000 0.000000 0.000000 1.000000
-0.002267 0.995500 0.094735 0.000000 0.008346 -0.094713 0.995470 0.000000 0.999963 0.003047 -0.008094 0.000000 0.000000 0.000000 0.000000 1.000000
-0.002267 0.995500 0.094735 0.000000 0.008346 -0.094713 0.995470 0.000000 0.999963 0.003047 -0.008094 0.000000 0.000000 0.000000 0.000000 1.000000
-0.002267 0.995500 0.094735 0.000000 0.008346 -0.094713 0.995470 0.000000 0.999963 0.003047 -0.008094 0.000000 0.000000 0.000000 0.000000 1.000000
-0.002267 0.995500 0.094735 0.000000 0.008346 -0.094713 0.995470 0.000000 0.999963 0.003047 -0.008094 0.000000 0.000000 0.000000 0.000000 1.000000
-0.002267 0.995500 0.094735 0.000000 0.008346 -0.094713 0.995470 0.000000 0.999963 0.003047 -0.008094 0.000000 0.000000 0.000000 0.000000 1.000000
-0.002267 0.995500 0.094735 0.000000 0.008346 -0.094713 0.995470 0.000000 0.999963 0.003047 -0.008094 0.000000 0.000000 0.000000 0.000000 1.000000
-0.002267 0.995500 0.094735 0.000000 0.008346 -0.094713 0.995470 0.000000 0.999963 0.003047 -0.008094 0.000000 0.000000 0.000000 0.000000 1.000000
-0.002267 0.995500 0.094735 0.000000 0.008346 -0.094713 0.995470 0.000000 0.999963 0.003047 -0.008094 0.000000 0.000000 0.000000 0.000000 1.000000
-0.002267 0.995500 0.094735 0.000000 0.008346 -0.094713 0.995470 0.000000 0.999963 0.003047 -0.008094 0.000000 0.000000 0.000000 0.000000 1.000000
-0.002267 0.995500 0.094735 0.000000 0.008346 -0.094713 0.995470 0.000000 0.999963 0.003047 -0.008094 0.000000 0.000000 0.000000 0.000000 1.000000
-0.002267 0.995500 0.094735 0.000000 0.008346 -0.094713 0.995470 0.000000 0.999963 0.003047 -0.008094 0.000000 0.000000 0.000000 0.000000 1.000000
-0.002267 0.995500 0.094735 0.000000 0.008346 -0.094713 0.995470 0.000000 0.999963 0.003047 -0.008094 0.000000 0.000000 0.000000 0.000000 1.000000
-0.002267 0.995500 0.094735 0.000000 0.008346 -0.094713 0.995470 0.000000 0.999963 0.003047 -0.008094 0.000000 0.000000 0.000000 0.000000 1.000000
-0.002267 0.995500 0.094735 0.000000 0.008346 -0.094713 0.995470 0.000000 0.999963 0.003047 -0.008094 0.000000 0.000000 0.000000 0.000000 1.000000
-0.002267 0.995500 0.094735 0.000000 0.008346 -0.094713 0.995470 0.000000 0.999963 0.003047 -0.008094 0.000000 0.000000 0.000000 0.000000 1.000000
-0.002267 0.995500 0.094735 0.000000 0.008346 -0.094713 0.995470 0.000000 0.999963 0.003047 -0.008094 0.000000 0.000000 0.000000 0.000000 1.000000
-0.002267 0.995500 0.094735 0.000000 0.008346 -0.094713 0.995470 0.000000 0.999963 0.003047 -0.008094 0.000000 0.000000 0.000000 0.000000 1.000000
-0.002267 0.995500 0.094735 0.000000 0.008346 -0.094713 0.995470 0.000000 0.999963 0.003047 -0.008094 0.000000 0.000000 0.000000 0.000000 1.000000
-0.002267 0.995500 0.094735 0.000000 0.008346 -0.094713 0.995470 0.000000 0.999963 0.003047 -0.008094 0.000000 0.000000 0.000000 0.000000 1.000000
-0.002267 0.995500 0.094735 0.000000 0.008346 -0.094713 0.995470 0.000000 0.999963 0.003047 -0.008094 0.000000 0.000000 0.000000 0.000000 1.000000
-0.002267 0.995500 0.094735 0.000000 0.008346 -0.094713 0.995470 0.000000 0.999963 0.003047 -0.008094 0.000000 0.000000 0.000000 0.000000 1.000000
-0.002267 0.995500 0.094735 0.000000 0.008346 -0.094713 0.995470 0.000000 0.999963 0.003047 -0.008094 0.000000 0.000000 0.000000 0.000000 1.000000
-0.002267 0.995500 0.094735 0.000000 0.008346 -0.094713 0.995470 0.000000 0.999963 0.003047 -0.008094 0.000000 0.000000 0.000000 0.000000 1.000000
-0.002267 0.995500 0.094735 0.000000 0.008346 -0.094713 0.995470 0.000000 0.999963 0.003047 -0.008094 0.000000 0.000000 0.000000 0.000000 1.000000
-0.002267 0.995500 0.094735 0.000000 0.008346 -0.094713 0.995470 0.000000 0.999963 0.003047 -0.008094 0.000000 0.000000 0.000000 0.000000 1.000000
-0.002267 0.995500 0.094735 0.000000 0.008346 -0.094713 0.995470 0.000000 0.999963 0.003047 -0.008094 0.000000 0.000000 0.000000 0.000000 1.000000
-0.002267 0.995500 0.094735 0.000000 0.008346 -0.094713 0.995470 0.000000 0.999963 0.003047 -0.008094 0.000000 0.000000 0.000000 0.000000 1.000000
-0.002267 0.995500 0.094735 0.000000 0.008346 -0.094713 0.995470 0.000000 0.999963 0.003047 -0.008094 0.000000 0.000000 0.000000 0.000000 1.000000
-0.002267 0.995500 0.094735 0.000000 0.008346 -0.094713 0.995470 0.000000 0.999963 0.003047 -0.008094 0.000000 0.000000 0.000000 0.000000 1.000000
-0.002267 0.995500 0.094735 0.000000 0.008346 -0.094713 0.995470 0.000000 0.999963 0.003047 -0.008094 0.000000 0.000000 0.000000 0.000000 1.000000
-0.002267 0.995500 0.094735 0.000000 0.008346 -0.094713 0.995470 0.000000 0.999963 0.003047 -0.008094 0.000000 0.000000 0.000000 0.000000 1.000000
-0.002267 0.995500 0.094735 0.000000 0.008346 -0.094713 0.995470 0.000000 0.999963 0.003047 -0.008094 0.000000 0.000000 0.000000 0.000000 1.000000
-0.002267 0.995500 0.094735 0.000000 0.008346 -0.094713 0.995470 0.000000 0.999963 0.003047 -0.008094 0.000000 0.000000 0.000000 0.000000 1.000000
-0.002267 0.995500 0.094735 0.000000 0.008346 -0.094713 0.995470 0.000000 0.999963 0.003047 -0.008094 0.000000 0.000000 0.000000 0.000000 1.000000
-0.002267 0.995500 0.094735 0.000000 0.008346 -0.094713 0.995470 0.000000 0.999963 0.003047 -0.008094 0.000000 0.000000 0.000000 0.000000 1.000000
-0.002267 0.995500 0.094735 0.000000 0.008346 -0.094713 0.995470 0.000000 0.999963 0.003047 -0.008094 0.000000 0.000000 0.000000 0.000000 1.000000
-0.002267 0.995500 0.094735 0.000000 0.008346 -0.094713 0.995470 0.000000 0.999963 0.003047 -0.008094 0.000000 0.000000 0.000000 0.000000 1.000000
-0.002267 0.995500 0.094735 0.000000 0.008346 -0.094713 0.995470 0.000000 0.999963 0.003047 -0.008094 0.000000 0.000000 0.000000 0.000000 1.000000
-0.002267 0.995500 0.094735 0.000000 0.008346 -0.094713 0.995470 0.000000 0.999963 0.003047 -0.008094 0.000000 0.000000 0.000000 0.000000 1.000000
-0.002267 0.995500 0.094735 0.000000 0.008346 -0.094713 0.995470 0.000000 0.999963 0.003047 -0.008094 0.000000 0.000000 0.000000 0.000000 1.000000</float_array><technique_common><accessor source="#Bip001Pelvis-Matrix-animation-output-transform-array" count="111" stride="16"><param type="float4x4"/></accessor></technique_common></source><source id="Bip001Pelvis-Interpolations"><Name_array id="Bip001Pelvis-Interpolations-array" count="111">
 LINEAR LINEAR LINEAR LINEAR LINEAR LINEAR LINEAR LINEAR LINEAR LINEAR LINEAR
LINEAR LINEAR LINEAR LINEAR LINEAR LINEAR LINEAR LINEAR LINEAR LINEAR LINEAR LINEAR
LINEAR LINEAR LINEAR LINEAR LINEAR LINEAR LINEAR LINEAR LINEAR LINEAR LINEAR LINEAR
LINEAR LINEAR LINEAR LINEAR LINEAR LINEAR LINEAR LINEAR LINEAR LINEAR LINEAR LINEAR
LINEAR LINEAR LINEAR LINEAR LINEAR LINEAR LINEAR LINEAR LINEAR LINEAR LINEAR LINEAR
LINEAR LINEAR LINEAR LINEAR LINEAR LINEAR LINEAR LINEAR LINEAR LINEAR LINEAR LINEAR
LINEAR LINEAR LINEAR LINEAR LINEAR LINEAR LINEAR LINEAR LINEAR LINEAR LINEAR LINEAR
LINEAR LINEAR LINEAR LINEAR LINEAR LINEAR LINEAR LINEAR LINEAR LINEAR LINEAR LINEAR
LINEAR LINEAR LINEAR LINEAR LINEAR LINEAR LINEAR LINEAR LINEAR LINEAR LINEAR LINEAR
LINEAR LINEAR LINEAR LINEAR</Name_array><technique_common><accessor source="#Bip001Pelvis-Interpolations-array" count="111"><param type="name"/></accessor></technique_common></source><sampler id="Bip001Pelvis-Matrix-animation-transform"><input semantic="INPUT" source="#Bip001Pelvis-Matrix-animation-input"/><input semantic="OUTPUT" source="#Bip001Pelvis-Matrix-animation-output-transform"/><input semantic="INTERPOLATION" source="#Bip001Pelvis-Interpolations"/></sampler><channel source="#Bip001Pelvis-Matrix-animation-transform" target="Bip001Pelvis/matrix"/></animation></animation>
    <animation id="Bip001Spine-anim" name="Bip001Spine"><animation><source id="Bip001Spine-Matrix-animation-input"><float_array id="Bip001Spine-Matrix-animation-input-array" count="111">

0.000000 0.033333 0.066667 0.100000 0.133333 0.166667 0.200000 0.233333 0.266667 0.300000 0.333333 0.366667 0.400000 0.433333 0.466667 0.500000
0.533333 0.566667 0.600000 0.633333 0.666667 0.700000 0.733333 0.766667 0.800000 0.833333 0.866667 0.900000 0.933333 0.966667 1.000000 1.033333
