<?xml version="1.0" encoding="utf-8"?>
<COLLADA xmlns="http://www.collada.org/2005/11/COLLADASchema" version="1.4.1">
  <asset><contributor><author></author><authoring_tool>FBX COLLADA exporter</authoring_tool><comments></comments></contributor><created>2015-02-27T04:58:24Z</created><keywords></keywords><modified>2015-02-27T04:58:24Z</modified><revision></revision><subject></subject><title></title><unit meter="1.000000" name="centimeter"></unit><up_axis>Y_UP</up_axis></asset>
  <library_animations>
    <animation id="Bip001-anim" name="Bip001"><animation><source id="Bip001-Matrix-animation-input"><float_array id="Bip001-Matrix-animation-input-array" count="51">

23.333333 23.366667 23.400000 23.433333 23.466667 23.500000 23.533333 23.566667 23.600000 23.633333 23.666667 23.700000 23.733333 23.766667 23.800000 23.833333
23.866667 23.900000 23.933333 23.966667 24.000000 24.033333 24.066667 24.100000 24.133333 24.166667 24.200000 24.233333 24.266667 24.300000 24.333333 24.366667
24.400000 24.433333 24.466667 24.500000 24.533333 24.566667 24.600000 24.633333 24.666667 24.700000 24.733333 24.766667 24.800000 24.833333 24.866667 24.900000
24.933333 24.966667 25.000000</float_array><technique_common><accessor source="#Bip001-Matrix-animation-input-array" count="51"><param name="TIME" type="float"/></accessor></technique_common></source><source id="Bip001-Matrix-animation-output-transform"><float_array id="Bip001-Matrix-animation-output-transform-array" count="816">

0.000000 1.000000 -0.000000 0.015364 -0.000000 0.000000 1.000000 1.189479 1.000000 -0.000000 0.000000 0.036541 0.000000 0.000000 0.000000 1.000000
0.000000 1.000000 -0.000000 0.015834 -0.000000 0.000000 1.000000 1.189471 1.000000 -0.000000 0.000000 0.036660 0.000000 0.000000 0.000000 1.000000
0.000000 1.000000 -0.000000 0.016310 -0.000000 0.000000 1.000000 1.189509 1.000000 -0.000000 0.000000 0.037061 0.000000 0.000000 0.000000 1.000000
0.000000 1.000000 -0.000000 0.016847 -0.000000 0.000000 1.000000 1.189579 1.000000 -0.000000 0.000000 0.037648 0.000000 0.000000 0.000000 1.000000
0.000000 1.000000 -0.000000 0.017504 -0.000000 0.000000 1.000000 1.189665 1.000000 -0.000000 0.000000 0.038326 0.000000 0.000000 0.000000 1.000000
0.000000 1.000000 -0.000000 0.018339 -0.000000 0.000000 1.000000 1.189753 1.000000 -0.000000 0.000000 0.038998 0.000000 0.000000 0.000000 1.000000
0.000000 1.000000 -0.000000 0.019409 -0.000000 0.000000 1.000000 1.189827 1.000000 -0.000000 0.000000 0.039569 0.000000 0.000000 0.000000 1.000000
0.000000 1.000000 -0.000000 0.021331 -0.000000 0.000000 1.000000 1.189893 1.000000 -0.000000 0.000000 0.040072 0.000000 0.000000 0.000000 1.000000
0.000000 1.000000 -0.000000 0.023963 -0.000000 0.000000 1.000000 1.189963 1.000000 -0.000000 0.000000 0.040552 0.000000 0.000000 0.000000 1.000000
0.000000 1.000000 -0.000000 0.026225 -0.000000 0.000000 1.000000 1.190035 1.000000 -0.000000 0.000000 0.040932 0.000000 0.000000 0.000000 1.000000
0.000000 1.000000 -0.000000 0.028163 -0.000000 0.000000 1.000000 1.190107 1.000000 -0.000000 0.000000 0.041224 0.000000 0.000000 0.000000 1.000000
0.000000 1.000000 -0.000000 0.030111 -0.000000 0.000000 1.000000 1.190175 1.000000 -0.000000 0.000000 0.041472 0.000000 0.000000 0.000000 1.000000
0.000000 1.000000 -0.000000 0.031414 -0.000000 0.000000 1.000000 1.190238 1.000000 -0.000000 0.000000 0.041639 0.000000 0.000000 0.000000 1.000000
0.000000 1.000000 -0.000000 0.031422 -0.000000 0.000000 1.000000 1.190292 1.000000 -0.000000 0.000000 0.041689 0.000000 0.000000 0.000000 1.000000
0.000000 1.000000 -0.000000 0.028712 -0.000000 0.000000 1.000000 1.190336 1.000000 -0.000000 0.000000 0.041679 0.000000 0.000000 0.000000 1.000000
0.000000 1.000000 -0.000000 0.024085 -0.000000 0.000000 1.000000 1.190372 1.000000 -0.000000 0.000000 0.041482 0.000000 0.000000 0.000000 1.000000
0.000000 1.000000 -0.000000 0.020218 -0.000000 0.000000 1.000000 1.190402 1.000000 -0.000000 0.000000 0.040780 0.000000 0.000000 0.000000 1.000000
0.000000 1.000000 -0.000000 0.018094 -0.000000 0.000000 1.000000 1.190426 1.000000 -0.000000 0.000000 0.039400 0.000000 0.000000 0.000000 1.000000
0.000000 1.000000 -0.000000 0.016729 -0.000000 0.000000 1.000000 1.190447 1.000000 -0.000000 0.000000 0.037516 0.000000 0.000000 0.000000 1.000000
0.000000 1.000000 -0.000000 0.015849 -0.000000 0.000000 1.000000 1.190466 1.000000 -0.000000 0.000000 0.035329 0.000000 0.000000 0.000000 1.000000
0.000000 1.000000 -0.000000 0.015475 -0.000000 0.000000 1.000000 1.190475 1.000000 -0.000000 0.000000 0.032763 0.000000 0.000000 0.000000 1.000000
0.000000 1.000000 -0.000000 0.015587 -0.000000 0.000000 1.000000 1.190471 1.000000 -0.000000 0.000000 0.029894 0.000000 0.000000 0.000000 1.000000
0.000000 1.000000 -0.000000 0.015849 -0.000000 0.000000 1.000000 1.190466 1.000000 -0.000000 0.000000 0.027164 0.000000 0.000000 0.000000 1.000000
0.000000 1.000000 -0.000000 0.016199 -0.000000 0.000000 1.000000 1.190466 1.000000 -0.000000 0.000000 0.024586 0.000000 0.000000 0.000000 1.000000
0.000000 1.000000 -0.000000 0.016982 -0.000000 0.000000 1.000000 1.190466 1.000000 -0.000000 0.000000 0.022754 0.000000 0.000000 0.000000 1.000000
0.000000 1.000000 -0.000000 0.018622 -0.000000 0.000000 1.000000 1.190491 1.000000 -0.000000 0.000000 0.022311 0.000000 0.000000 0.000000 1.000000
0.000000 1.000000 -0.000000 0.020218 -0.000000 0.000000 1.000000 1.190466 1.000000 -0.000000 0.000000 0.023076 0.000000 0.000000 0.000000 1.000000
0.000000 1.000000 -0.000000 0.021232 -0.000000 0.000000 1.000000 1.190405 1.000000 -0.000000 0.000000 0.024450 0.000000 0.000000 0.000000 1.000000
0.000000 1.000000 -0.000000 0.022251 -0.000000 0.000000 1.000000 1.190397 1.000000 -0.000000 0.000000 0.025818 0.000000 0.000000 0.000000 1.000000
0.000000 1.000000 -0.000000 0.023248 -0.000000 0.000000 1.000000 1.190406 1.000000 -0.000000 0.000000 0.027229 0.000000 0.000000 0.000000 1.000000
0.000000 1.000000 -0.000000 0.024198 -0.000000 0.000000 1.000000 1.190397 1.000000 -0.000000 0.000000 0.028735 0.000000 0.000000 0.000000 1.000000
0.000000 1.000000 -0.000000 0.025076 -0.000000 0.000000 1.000000 1.190334 1.000000 -0.000000 0.000000 0.030384 0.000000 0.000000 0.000000 1.000000
0.000000 1.000000 -0.000000 0.025856 -0.000000 0.000000 1.000000 1.190184 1.000000 -0.000000 0.000000 0.032228 0.000000 0.000000 0.000000 1.000000
0.000000 1.000000 -0.000000 0.026514 -0.000000 0.000000 1.000000 1.189911 1.000000 -0.000000 0.000000 0.034317 0.000000 0.000000 0.000000 1.000000
0.000000 1.000000 -0.000000 0.027023 -0.000000 0.000000 1.000000 1.189479 1.000000 -0.000000 0.000000 0.036701 0.000000 0.000000 0.000000 1.000000
0.000000 1.000000 -0.000000 0.027360 -0.000000 0.000000 1.000000 1.188647 1.000000 -0.000000 0.000000 0.040105 0.000000 0.000000 0.000000 1.000000
0.000000 1.000000 -0.000000 0.027511 -0.000000 0.000000 1.000000 1.187373 1.000000 -0.000000 0.000000 0.044687 0.000000 0.000000 0.000000 1.000000
0.000000 1.000000 -0.000000 0.027475 -0.000000 0.000000 1.000000 1.185921 1.000000 -0.000000 0.000000 0.049644 0.000000 0.000000 0.000000 1.000000
0.000000 1.000000 -0.000000 0.027246 -0.000000 0.000000 1.000000 1.184557 1.000000 -0.000000 0.000000 0.054175 0.000000 0.000000 0.000000 1.000000
0.000000 1.000000 -0.000000 0.026820 -0.000000 0.000000 1.000000 1.183544 1.000000 -0.000000 0.000000 0.057477 0.000000 0.000000 0.000000 1.000000
0.000000 1.000000 -0.000000 0.026194 -0.000000 0.000000 1.000000 1.183148 1.000000 -0.000000 0.000000 0.058750 0.000000 0.000000 0.000000 1.000000
0.000000 1.000000 -0.000000 0.025299 -0.000000 0.000000 1.000000 1.183316 1.000000 -0.000000 0.000000 0.058188 0.000000 0.000000 0.000000 1.000000
0.000000 1.000000 -0.000000 0.024132 -0.000000 0.000000 1.000000 1.183775 1.000000 -0.000000 0.000000 0.056668 0.000000 0.000000 0.000000 1.000000
0.000000 1.000000 -0.000000 0.022778 -0.000000 0.000000 1.000000 1.184455 1.000000 -0.000000 0.000000 0.054412 0.000000 0.000000 0.000000 1.000000
0.000000 1.000000 -0.000000 0.021324 -0.000000 0.000000 1.000000 1.185284 1.000000 -0.000000 0.000000 0.051640 0.000000 0.000000 0.000000 1.000000
0.000000 1.000000 -0.000000 0.019857 -0.000000 0.000000 1.000000 1.186194 1.000000 -0.000000 0.000000 0.048573 0.000000 0.000000 0.000000 1.000000
0.000000 1.000000 -0.000000 0.018464 -0.000000 0.000000 1.000000 1.187113 1.000000 -0.000000 0.000000 0.045432 0.000000 0.000000 0.000000 1.000000
0.000000 1.000000 -0.000000 0.017232 -0.000000 0.000000 1.000000 1.187971 1.000000 -0.000000 0.000000 0.042438 0.000000 0.000000 0.000000 1.000000
0.000000 1.000000 -0.000000 0.016246 -0.000000 0.000000 1.000000 1.188698 1.000000 -0.000000 0.000000 0.039810 0.000000 0.000000 0.000000 1.000000
0.000000 1.000000 -0.000000 0.015595 -0.000000 0.000000 1.000000 1.189224 1.000000 -0.000000 0.000000 0.037771 0.000000 0.000000 0.000000 1.000000
0.000000 1.000000 -0.000000 0.015364 -0.000000 0.000000 1.000000 1.189479 1.000000 -0.000000 0.000000 0.036541 0.000000 0.000000 0.000000 1.000000</float_array><technique_common><accessor source="#Bip001-Matrix-animation-output-transform-array" count="51" stride="16"><param type="float4x4"/></accessor></technique_common></source><source id="Bip001-Interpolations"><Name_array id="Bip001-Interpolations-array" count="51">
 LINEAR LINEAR LINEAR LINEAR LINEAR LINEAR LINEAR LINEAR LINEAR LINEAR LINEAR
LINEAR LINEAR LINEAR LINEAR LINEAR LINEAR LINEAR LINEAR LINEAR LINEAR LINEAR LINEAR
LINEAR LINEAR LINEAR LINEAR LINEAR LINEAR LINEAR LINEAR LINEAR LINEAR LINEAR LINEAR
LINEAR LINEAR LINEAR LINEAR LINEAR LINEAR LINEAR LINEAR LINEAR LINEAR LINEAR LINEAR
LINEAR LINEAR LINEAR LINEAR</Name_array><technique_common><accessor source="#Bip001-Interpolations-array" count="51"><param type="name"/></accessor></technique_common></source><sampler id="Bip001-Matrix-animation-transform"><input semantic="INPUT" source="#Bip001-Matrix-animation-input"/><input semantic="OUTPUT" source="#Bip001-Matrix-animation-output-transform"/><input semantic="INTERPOLATION" source="#Bip001-Interpolations"/></sampler><channel source="#Bip001-Matrix-animation-transform" target="Bip001/matrix"/></animation></animation>
    <animation id="Bip001Pelvis-anim" name="Bip001Pelvis"><animation><source id="Bip001Pelvis-Matrix-animation-input"><float_array id="Bip001Pelvis-Matrix-animation-input-array" count="51">

23.333333 23.366667 23.400000 23.433333 23.466667 23.500000 23.533333 23.566667 23.600000 23.633333 23.666667 23.700000 23.733333 23.766667 23.800000 23.833333
23.866667 23.900000 23.933333 23.966667 24.000000 24.033333 24.066667 24.100000 24.133333 24.166667 24.200000 24.233333 24.266667 24.300000 24.333333 24.366667
24.400000 24.433333 24.466667 24.500000 24.533333 24.566667 24.600000 24.633333 24.666667 24.700000 24.733333 24.766667 24.800000 24.833333 24.866667 24.900000
24.933333 24.966667 25.000000</float_array><technique_common><accessor source="#Bip001Pelvis-Matrix-animation-input-array" count="51"><param name="TIME" type="float"/></accessor></technique_common></source><source id="Bip001Pelvis-Matrix-animation-output-transform"><float_array id="Bip001Pelvis-Matrix-animation-output-transform-array" count="816">

-0.000000 1.000000 -0.000001 0.000000 0.033323 0.000001 0.999445 0.000000 0.999445 -0.000000 -0.033323 0.000000 0.000000 0.000000 0.000000 1.000000
0.000000 0.999999 -0.001272 0.000000 0.033336 0.001271 0.999443 0.000000 0.999444 -0.000043 -0.033336 0.000000 0.000000 0.000000 0.000000 1.000000
0.000000 0.999997 -0.002543 0.000000 0.033350 0.002541 0.999441 0.000000 0.999444 -0.000085 -0.033350 0.000000 0.000000 0.000000 0.000000 1.000000
-0.000000 1.000000 -0.000001 0.000000 0.033323 0.000001 0.999445 0.000000 0.999445 -0.000000 -0.033323 0.000000 0.000000 0.000000 0.000000 1.000000
-0.000016 0.999934 0.011466 0.000000 0.033348 -0.011459 0.999378 0.000000 0.999444 0.000398 -0.033346 0.000000 0.000000 0.000000 0.000000 1.000000
-0.000032 0.999642 0.026742 0.000000 0.033334 -0.026726 0.999087 0.000000 0.999444 0.000924 -0.033321 0.000000 0.000000 0.000000 0.000000 1.000000
-0.000013 0.999412 0.034298 0.000000 0.032959 -0.034279 0.998869 0.000000 0.999457 0.001143 -0.032939 0.000000 0.000000 0.000000 0.000000 1.000000
0.000053 0.999469 0.032588 0.000000 0.032364 -0.032572 0.998945 0.000000 0.999476 0.001002 -0.032349 0.000000 0.000000 0.000000 0.000000 1.000000
0.000143 0.999599 0.028315 0.000000 0.031835 -0.028306 0.999092 0.000000 0.999493 0.000759 -0.031826 0.000000 0.000000 0.000000 0.000000 1.000000
0.000247 0.999750 0.022339 0.000000 0.031273 -0.022336 0.999261 0.000000 0.999511 0.000451 -0.031271 0.000000 0.000000 0.000000 0.000000 1.000000
0.000357 0.999880 0.015517 0.000000 0.030580 -0.015520 0.999412 0.000000 0.999532 0.000118 -0.030582 0.000000 0.000000 0.000000 0.000000 1.000000
0.000462 0.999962 0.008708 0.000000 0.029657 -0.008718 0.999522 0.000000 0.999560 -0.000204 -0.029660 0.000000 0.000000 0.000000 0.000000 1.000000
0.000555 0.999996 0.002771 0.000000 0.028405 -0.002786 0.999593 0.000000 0.999596 -0.000476 -0.028406 0.000000 0.000000 0.000000 0.000000 1.000000
0.000623 0.999999 -0.001434 0.000000 0.026724 0.001417 0.999642 0.000000 0.999643 -0.000662 -0.026723 0.000000 0.000000 0.000000 0.000000 1.000000
0.000660 0.999993 -0.003800 0.000000 0.024347 0.003783 0.999696 0.000000 0.999703 -0.000752 -0.024345 0.000000 0.000000 0.000000 0.000000 1.000000
0.000670 0.999987 -0.005022 0.000000 0.021272 0.005006 0.999761 0.000000 0.999773 -0.000777 -0.021269 0.000000 0.000000 0.000000 0.000000 1.000000
0.000660 0.999985 -0.005446 0.000000 0.017793 0.005434 0.999827 0.000000 0.999841 -0.000757 -0.017789 0.000000 0.000000 0.000000 0.000000 1.000000
0.000638 0.999985 -0.005417 0.000000 0.014202 0.005408 0.999884 0.000000 0.999899 -0.000715 -0.014199 0.000000 0.000000 0.000000 0.000000 1.000000
0.000612 0.999986 -0.005282 0.000000 0.010796 0.005275 0.999928 0.000000 0.999942 -0.000669 -0.010793 0.000000 0.000000 0.000000 0.000000 1.000000
0.000594 0.999985 -0.005384 0.000000 0.007869 0.005379 0.999955 0.000000 0.999969 -0.000636 -0.007865 0.000000 0.000000 0.000000 0.000000 1.000000
0.000581 0.999984 -0.005590 0.000000 0.005029 0.005587 0.999972 0.000000 0.999987 -0.000609 -0.005026 0.000000 0.000000 0.000000 0.000000 1.000000
0.000562 0.999984 -0.005589 0.000000 0.002073 0.005588 0.999982 0.000000 0.999998 -0.000573 -0.002070 0.000000 0.000000 0.000000 0.000000 1.000000
-0.000000 0.999985 -0.005460 0.000000 -0.000000 0.005460 0.999985 0.000000 1.000000 0.000000 0.000000 0.000000 0.000000 0.000000 0.000000 1.000000
0.000510 0.999986 -0.005282 0.000000 -0.001897 0.005283 0.999984 0.000000 0.999998 -0.000500 0.001900 0.000000 0.000000 0.000000 0.000000 1.000000
0.000483 0.999987 -0.005136 0.000000 -0.001766 0.005137 0.999985 0.000000 0.999998 -0.000474 0.001768 0.000000 0.000000 0.000000 0.000000 1.000000
0.000000 0.999987 -0.005033 0.000000 -0.000000 0.005033 0.999987 0.000000 1.000000 -0.000000 0.000000 0.000000 0.000000 0.000000 0.000000 1.000000
0.000428 0.999988 -0.004931 0.000000 0.001743 0.004930 0.999986 0.000000 0.999998 -0.000436 -0.001741 0.000000 0.000000 0.000000 0.000000 1.000000
0.000399 0.999988 -0.004828 0.000000 0.004254 0.004826 0.999979 0.000000 0.999991 -0.000419 -0.004252 0.000000 0.000000 0.000000 0.000000 1.000000
0.000369 0.999989 -0.004722 0.000000 0.007102 0.004719 0.999964 0.000000 0.999975 -0.000403 -0.007100 0.000000 0.000000 0.000000 0.000000 1.000000
0.000340 0.999989 -0.004610 0.000000 0.010159 0.004606 0.999938 0.000000 0.999948 -0.000387 -0.010157 0.000000 0.000000 0.000000 0.000000 1.000000
0.000312 0.999990 -0.004491 0.000000 0.013300 0.004487 0.999901 0.000000 0.999911 -0.000371 -0.013299 0.000000 0.000000 0.000000 0.000000 1.000000
0.000284 0.999990 -0.004363 0.000000 0.016399 0.004357 0.999856 0.000000 0.999865 -0.000356 -0.016397 0.000000 0.000000 0.000000 0.000000 1.000000
0.000258 0.999991 -0.004222 0.000000 0.019328 0.004216 0.999804 0.000000 0.999813 -0.000340 -0.019327 0.000000 0.000000 0.000000 0.000000 1.000000
0.000234 0.999992 -0.004068 0.000000 0.021963 0.004062 0.999751 0.000000 0.999759 -0.000323 -0.021961 0.000000 0.000000 0.000000 0.000000 1.000000
0.000212 0.999992 -0.003898 0.000000 0.024175 0.003892 0.999700 0.000000 0.999708 -0.000306 -0.024174 0.000000 0.000000 0.000000 0.000000 1.000000
0.000192 0.999993 -0.003710 0.000000 0.025841 0.003704 0.999659 0.000000 0.999666 -0.000288 -0.025840 0.000000 0.000000 0.000000 0.000000 1.000000
0.000174 0.999994 -0.003492 0.000000 0.027109 0.003486 0.999626 0.000000 0.999632 -0.000268 -0.027108 0.000000 0.000000 0.000000 0.000000 1.000000
0.000155 0.999995 -0.003239 0.000000 0.028221 0.003233 0.999596 0.000000 0.999602 -0.000247 -0.028220 0.000000 0.000000 0.000000 0.000000 1.000000
0.000137 0.999996 -0.002956 0.000000 0.029188 0.002951 0.999570 0.000000 0.999574 -0.000223 -0.029187 0.000000 0.000000 0.000000 0.000000 1.000000
0.000120 0.999996 -0.002652 0.000000 0.030020 0.002648 0.999546 0.000000 0.999549 -0.000199 -0.030020 0.000000 0.000000 0.000000 0.000000 1.000000
0.000103 0.999997 -0.002335 0.000000 0.030728 0.002330 0.999525 0.000000 0.999528 -0.000174 -0.030728 0.000000 0.000000 0.000000 0.000000 1.000000
0.000086 0.999998 -0.002010 0.000000 0.031323 0.002007 0.999507 0.000000 0.999509 -0.000149 -0.031323 0.000000 0.000000 0.000000 0.000000 1.000000
0.000071 0.999999 -0.001687 0.000000 0.031816 0.001684 0.999492 0.000000 0.999494 -0.000125 -0.031815 0.000000 0.000000 0.000000 0.000000 1.000000
0.000057 0.999999 -0.001371 0.000000 0.032216 0.001369 0.999480 0.000000 0.999481 -0.000101 -0.032215 0.000000 0.000000 0.000000 0.000000 1.000000
0.000044 0.999999 -0.001071 0.000000 0.032534 0.001069 0.999470 0.000000 0.999471 -0.000079 -0.032534 0.000000 0.000000 0.000000 0.000000 1.000000
0.000032 1.000000 -0.000793 0.000000 0.032781 0.000792 0.999462 0.000000 0.999463 -0.000058 -0.032781 0.000000 0.000000 0.000000 0.000000 1.000000
0.000022 1.000000 -0.000546 0.000000 0.032968 0.000545 0.999456 0.000000 0.999456 -0.000040 -0.032968 0.000000 0.000000 0.000000 0.000000 1.000000
0.000013 1.000000 -0.000335 0.000000 0.033105 0.000335 0.999452 0.000000 0.999452 -0.000024 -0.033105 0.000000 0.000000 0.000000 0.000000 1.000000
0.000007 1.000000 -0.000170 0.000000 0.033203 0.000169 0.999449 0.000000 0.999449 -0.000012 -0.033203 0.000000 0.000000 0.000000 0.000000 1.000000
0.000002 1.000000 -0.000056 0.000000 0.033272 0.000056 0.999446 0.000000 0.999446 -0.000004 -0.033272 0.000000 0.000000 0.000000 0.000000 1.000000
-0.000000 1.000000 -0.000001 0.000000 0.033323 0.000001 0.999445 0.000000 0.999445 -0.000000 -0.033323 0.000000 0.000000 0.000000 0.000000 1.000000</float_array><technique_common><accessor source="#Bip001Pelvis-Matrix-animation-output-transform-array" count="51" stride="16"><param type="float4x4"/></accessor></technique_common></source><source id="Bip001Pelvis-Interpolations"><Name_array id="Bip001Pelvis-Interpolations-array" count="51">
 LINEAR LINEAR LINEAR LINEAR LINEAR LINEAR LINEAR LINEAR LINEAR LINEAR LINEAR
LINEAR LINEAR LINEAR LINEAR LINEAR LINEAR LINEAR LINEAR LINEAR LINEAR LINEAR LINEAR
LINEAR LINEAR LINEAR LINEAR LINEAR LINEAR LINEAR LINEAR LINEAR LINEAR LINEAR LINEAR
LINEAR LINEAR LINEAR LINEAR LINEAR LINEAR LINEAR LINEAR LINEAR LINEAR LINEAR LINEAR
LINEAR LINEAR LINEAR LINEAR</Name_array><technique_common><accessor source="#Bip001Pelvis-Interpolations-array" count="51"><param type="name"/></accessor></technique_common></source><sampler id="Bip001Pelvis-Matrix-animation-transform"><input semantic="INPUT" source="#Bip001Pelvis-Matrix-animation-input"/><input semantic="OUTPUT" source="#Bip001Pelvis-Matrix-animation-output-transform"/><input semantic="INTERPOLATION" source="#Bip001Pelvis-Interpolations"/></sampler><channel source="#Bip001Pelvis-Matrix-animation-transform" target="Bip001Pelvis/matrix"/></animation></animation>
    <animation id="Bip001Spine-anim" name="Bip001Spine"><animation><source id="Bip001Spine-Matrix-animation-input"><float_array id="Bip001Spine-Matrix-animation-input-array" count="51">

23.333333 23.366667 23.400000 23.433333 23.466667 23.500000 23.533333 23.566667 23.600000 23.633333 23.666667 23.700000 23.733333 23.766667 23.800000 23.833333
23.866667 23.900000 23.933333 23.966667 24.000000 24.033333 24.066667 24.100000 24.133333 24.166667 24.200000 24.233333 24.266667 24.300000 24.333333 24.366667
24.400000 24.433333 24.466667 24.500000 24.533333 24.566667 24.600000 24.633333 24.666667 24.700000 24.733333 24.766667 24.800000 24.833333 24.866667 24.900000
24.933333 24.966667 25.000000</float_array><technique_common><accessor source="#Bip001Spine-Matrix-animation-input-array" count="51"><param name="TIME" type="float"/></accessor></technique_common></source><source id="Bip001Spine-Matrix-animation-output-transform"><float_array id="Bip001Spine-Matrix-animation-output-transform-array" count="816">

0.992173 -0.105439 0.066903 0.077658 0.105439 0.994419 0.003544 -0.022978 -0.066903 0.003538 0.997753 -0.002589 0.000000 0.000000 0.000000 1.000000
0.992263 -0.106260 0.064216 0.077658 0.106118 0.994338 0.005622 -0.022981 -0.064449 0.001236 0.997920 -0.002561 0.000000 0.000000 0.000000 1.000000
0.992405 -0.106986 0.060714 0.077658 0.106592 0.994255 0.009703 -0.022984 -0.061404 -0.003158 0.998108 -0.002532 0.000000 0.000000 0.000000 1.000000
0.992570 -0.107847 0.056346 0.077659 0.107340 0.994151 0.011950 -0.022978 -0.057305 -0.005813 0.998340 -0.002588 0.000000 0.000000 0.000000 1.000000
0.992722 -0.109006 0.051200 0.077659 0.108799 0.994040 0.006822 -0.022945 -0.051639 -0.001201 0.998665 -0.002853 0.000000 0.000000 0.000000 1.000000
0.992866 -0.110262 0.045370 0.077659 0.110505 0.993871 -0.002883 -0.022898 -0.044774 0.007876 0.998966 -0.003201 0.000000 0.000000 0.000000 1.000000
0.993030 -0.111310 0.038757 0.077660 0.111714 0.993705 -0.008402 -0.022876 -0.037578 0.012673 0.999213 -0.003345 0.000000 0.000000 0.000000 1.000000
0.993205 -0.112000 0.031614 0.077660 0.112313 0.993638 -0.008302 -0.022888 -0.030483 0.011797 0.999466 -0.003259 0.000000 0.000000 0.000000 1.000000
0.993349 -0.112420 0.024903 0.077660 0.112629 0.993611 -0.007167 -0.022910 -0.023939 0.009924 0.999664 -0.003121 0.000000 0.000000 0.000000 1.000000
0.993446 -0.112610 0.019588 0.077659 0.112737 0.993610 -0.005481 -0.022937 -0.018846 0.007653 0.999793 -0.002941 0.000000 0.000000 0.000000 1.000000
0.993508 -0.112644 0.015892 0.077658 0.112714 0.993621 -0.003604 -0.022966 -0.015385 0.005372 0.999867 -0.002731 0.000000 0.000000 0.000000 1.000000
0.993556 -0.112588 0.013044 0.077658 0.112622 0.993636 -0.001941 -0.022993 -0.012743 0.003397 0.999913 -0.002504 0.000000 0.000000 0.000000 1.000000
0.993599 -0.112465 0.010610 0.077658 0.112482 0.993653 -0.001101 -0.023015 -0.010419 0.002287 0.999943 -0.002270 0.000000 0.000000 0.000000 1.000000
0.993641 -0.112297 0.008179 0.077660 0.112314 0.993671 -0.001693 -0.023029 -0.007937 0.002600 0.999965 -0.002044 0.000000 0.000000 0.000000 1.000000
0.993789 -0.111160 0.005271 0.077664 0.111179 0.993795 -0.003370 -0.023036 -0.004863 0.003935 0.999980 -0.001805 0.000000 0.000000 0.000000 1.000000
0.994038 -0.109019 0.001894 0.077669 0.109027 0.994025 -0.005197 -0.023038 -0.001316 0.005372 0.999985 -0.001538 0.000000 0.000000 0.000000 1.000000
0.994239 -0.107171 -0.001602 0.077674 0.107158 0.994218 -0.006840 -0.023036 0.002325 0.006629 0.999975 -0.001258 0.000000 0.000000 0.000000 1.000000
0.994344 -0.106097 -0.004860 0.077679 0.106056 0.994327 -0.008162 -0.023033 0.005699 0.007600 0.999955 -0.000980 0.000000 0.000000 0.000000 1.000000
0.994654 -0.102974 -0.007804 0.077683 0.102907 0.994654 -0.008548 -0.023030 0.008643 0.007699 0.999933 -0.000719 0.000000 0.000000 0.000000 1.000000
0.995508 -0.094101 -0.010390 0.077684 0.094025 0.995541 -0.007570 -0.023027 0.011056 0.006559 0.999917 -0.000489 0.000000 0.000000 0.000000 1.000000
0.996784 -0.079125 -0.012663 0.077684 0.079055 0.996853 -0.005900 -0.023025 0.013090 0.004880 0.999902 -0.000263 0.000000 0.000000 0.000000 1.000000
0.998010 -0.061300 -0.014812 0.077683 0.061248 0.998115 -0.003951 -0.023022 0.015026 0.003036 0.999883 -0.000033 0.000000 0.000000 0.000000 1.000000
0.998986 -0.041986 -0.016240 0.077682 0.041960 0.999117 -0.001899 -0.023020 0.016305 0.001216 0.999866 0.000158 0.000000 0.000000 0.000000 1.000000
0.999613 -0.022508 -0.016367 0.077680 0.022513 0.999747 0.000091 -0.023017 0.016361 -0.000459 0.999866 0.000269 0.000000 0.000000 0.000000 1.000000
0.999884 -0.004220 -0.014640 0.077678 0.004248 0.999989 0.001860 -0.023015 0.014632 -0.001922 0.999891 0.000255 0.000000 0.000000 0.000000 1.000000
0.999890 0.009580 -0.011351 0.077677 -0.009548 0.999950 0.002918 -0.023014 0.011379 -0.002809 0.999931 0.000139 0.000000 0.000000 0.000000 1.000000
0.999821 0.017267 -0.007705 0.077677 -0.017243 0.999846 0.003194 -0.023012 0.007759 -0.003060 0.999965 -0.000022 0.000000 0.000000 0.000000 1.000000
0.999796 0.019688 -0.004505 0.077677 -0.019674 0.999802 0.003122 -0.023011 0.004565 -0.003033 0.999985 -0.000220 0.000000 0.000000 0.000000 1.000000
0.999805 0.019692 -0.001657 0.077676 -0.019687 0.999802 0.003014 -0.023010 0.001716 -0.002981 0.999994 -0.000443 0.000000 0.000000 0.000000 1.000000
0.999805 0.019696 0.001401 0.077675 -0.019700 0.999802 0.002900 -0.023008 -0.001343 -0.002927 0.999995 -0.000683 0.000000 0.000000 0.000000 1.000000
0.999796 0.019701 0.004542 0.077673 -0.019714 0.999802 0.002779 -0.023007 -0.004486 -0.002868 0.999986 -0.000930 0.000000 0.000000 0.000000 1.000000
0.999734 0.021210 0.009063 0.077670 -0.021196 0.999774 -0.001688 -0.023006 -0.009097 0.001495 0.999958 -0.001174 0.000000 0.000000 0.000000 1.000000
0.999582 0.024548 0.015284 0.077666 -0.024363 0.999629 -0.012177 -0.023005 -0.015578 0.011799 0.999809 -0.001406 0.000000 0.000000 0.000000 1.000000
0.999372 0.027982 0.021726 0.077662 -0.027439 0.999313 -0.024903 -0.023003 -0.022408 0.024291 0.999454 -0.001616 0.000000 0.000000 0.000000 1.000000
0.999192 0.029737 0.027041 0.077658 -0.028752 0.998934 -0.036115 -0.023002 -0.028086 0.035308 0.998982 -0.001793 0.000000 0.000000 0.000000 1.000000
0.999051 0.031571 0.029993 0.077655 -0.030222 0.998556 -0.044412 -0.023001 -0.031352 0.043463 0.998563 -0.001928 0.000000 0.000000 0.000000 1.000000
0.998902 0.035167 0.030958 0.077652 -0.033557 0.998130 -0.051088 -0.022999 -0.032697 0.049993 0.998214 -0.002032 0.000000 0.000000 0.000000 1.000000
0.998773 0.038610 0.031014 0.077650 -0.036824 0.997738 -0.056245 -0.022997 -0.033115 0.055034 0.997935 -0.002125 0.000000 0.000000 0.000000 1.000000
0.998717 0.040019 0.031024 0.077648 -0.038106 0.997473 -0.059965 -0.022995 -0.033345 0.058705 0.997718 -0.002207 0.000000 0.000000 0.000000 1.000000
0.998789 0.037486 0.031864 0.077647 -0.035447 0.997427 -0.062317 -0.022994 -0.034119 0.061112 0.997548 -0.002279 0.000000 0.000000 0.000000 1.000000
0.998986 0.029015 0.034432 0.077647 -0.026793 0.997633 -0.063335 -0.022992 -0.036189 0.062348 0.997398 -0.002341 0.000000 0.000000 0.000000 1.000000
0.999135 0.015504 0.038588 0.077647 -0.013101 0.998004 -0.061779 -0.022990 -0.039469 0.061220 0.997344 -0.002395 0.000000 0.000000 0.000000 1.000000
0.999062 -0.000174 0.043294 0.077648 0.002642 0.998373 -0.056960 -0.022988 -0.043213 0.057021 0.997437 -0.002440 0.000000 0.000000 0.000000 1.000000
0.998693 -0.017188 0.048142 0.077650 0.019580 0.998574 -0.049658 -0.022986 -0.047220 0.050535 0.997605 -0.002477 0.000000 0.000000 0.000000 1.000000
0.998002 -0.034724 0.052787 0.077651 0.036892 0.998492 -0.040653 -0.022984 -0.051296 0.042519 0.997778 -0.002508 0.000000 0.000000 0.000000 1.000000
0.997023 -0.051972 0.056962 0.077652 0.053784 0.998079 -0.030736 -0.022983 -0.055255 0.033709 0.997903 -0.002532 0.000000 0.000000 0.000000 1.000000
0.995842 -0.068126 0.060484 0.077654 0.069489 0.997368 -0.020718 -0.022981 -0.058914 0.024835 0.997954 -0.002552 0.000000 0.000000 0.000000 1.000000
0.994592 -0.082375 0.063257 0.077656 0.083257 0.996463 -0.011425 -0.022980 -0.062092 0.016629 0.997932 -0.002566 0.000000 0.000000 0.000000 1.000000
0.993441 -0.093905 0.065247 0.077657 0.094346 0.995533 -0.003702 -0.022979 -0.064608 0.009833 0.997862 -0.002577 0.000000 0.000000 0.000000 1.000000
0.992574 -0.101881 0.066462 0.077658 0.102002 0.994783 0.001584 -0.022978 -0.066276 0.005207 0.997788 -0.002584 0.000000 0.000000 0.000000 1.000000
0.992173 -0.105439 0.066903 0.077658 0.105439 0.994419 0.003544 -0.022978 -0.066903 0.003538 0.997753 -0.002589 0.000000 0.000000 0.000000 1.000000</float_array><technique_common><accessor source="#Bip001Spine-Matrix-animation-output-transform-array" count="51" stride="16"><param type="float4x4"/></accessor></technique_common></source><source id="Bip001Spine-Interpolations"><Name_array id="Bip001Spine-Interpolations-array" count="51">
 LINEAR LINEAR LINEAR LINEAR LINEAR LINEAR LINEAR LINEAR LINEAR LINEAR LINEAR
LINEAR LINEAR LINEAR LINEAR LINEAR LINEAR LINEAR LINEAR LINEAR LINEAR LINEAR LINEAR
LINEAR LINEAR LINEAR LINEAR LINEAR LINEAR LINEAR LINEAR LINEAR LINEAR LINEAR LINEAR
LINEAR LINEAR LINEAR LINEAR LINEAR LINEAR LINEAR LINEAR LINEAR LINEAR LINEAR LINEAR
LINEAR LINEAR LINEAR LINEAR</Name_array><technique_common><accessor source="#Bip001Spine-Interpolations-array" count="51"><param type="name"/></accessor></technique_common></source><sampler id="Bip001Spine-Matrix-animation-transform"><input semantic="INPUT" source="#Bip001Spine-Matrix-animation-input"/><input semantic="OUTPUT" source="#Bip001Spine-Matrix-animation-output-transform"/><input semantic="INTERPOLATION" source="#Bip001Spine-Interpolations"/></sampler><channel source="#Bip001Spine-Matrix-animation-transform" target="Bip001Spine/matrix"/></animation></animation>
    <animation id="Bip001Spine1-anim" name="Bip001Spine1"><animation><source id="Bip001Spine1-Matrix-animation-input"><float_array id="Bip001Spine1-Matrix-animation-input-array" count="51">

23.333333 23.366667 23.400000 23.433333 23.466667 23.500000 23.533333 23.566667 23.600000 23.633333 23.666667 23.700000 23.733333 23.766667 23.800000 23.833333
23.866667 23.900000 23.933333 23.966667 24.000000 24.033333 24.066667 24.100000 24.133333 24.166667 24.200000 24.233333 24.266667 24.300000 24.333333 24.366667
24.400000 24.433333 24.466667 24.500000 24.533333 24.566667 24.600000 24.633333 24.666667 24.700000 24.733333 24.766667 24.800000 24.833333 24.866667 24.900000
24.933333 24.966667 25.000000</float_array><technique_common><accessor source="#Bip001Spine1-Matrix-animation-input-array" count="51"><param name="TIME" type="float"/></accessor></technique_common></source><source id="Bip001Spine1-Matrix-animation-output-transform"><float_array id="Bip001Spine1-Matrix-animation-output-transform-array" count="816">

0.992815 0.116556 -0.027066 0.146299 -0.117399 0.992570 -0.031982 -0.000139 0.023137 0.034930 0.999122 -0.000005 0.000000 0.000000 0.000000 1.000000
0.992762 0.117051 -0.026892 0.146299 -0.117850 0.992567 -0.030364 -0.000139 0.023137 0.033314 0.999177 -0.000005 0.000000 0.000000 0.000000 1.000000
0.992624 0.118281 -0.026587 0.146298 -0.119004 0.992513 -0.027483 -0.000139 0.023137 0.030444 0.999269 -0.000004 0.000000 0.000000 0.000000 1.000000
0.992436 0.119904 -0.026331 0.146298 -0.120561 0.992392 -0.024969 -0.000139 0.023137 0.027955 0.999341 -0.000004 0.000000 0.000000 0.000000 1.000000
0.992141 0.121650 -0.029284 0.146298 -0.122356 0.992204 -0.023686 -0.000139 0.026174 0.027083 0.999291 -0.000004 0.000000 0.000000 0.000000 1.000000
0.991671 0.123475 -0.036631 0.146298 -0.124362 0.991970 -0.022994 -0.000139 0.033498 0.027358 0.999064 -0.000004 0.000000 0.000000 0.000000 1.000000
0.991048 0.125400 -0.045808 0.146297 -0.126517 0.991713 -0.022344 -0.000139 0.042626 0.027940 0.998700 -0.000004 0.000000 0.000000 0.000000 1.000000
0.990417 0.127063 -0.054114 0.146297 -0.128420 0.991468 -0.022370 -0.000139 0.050810 0.029105 0.998284 -0.000004 0.000000 0.000000 0.000000 1.000000
0.989879 0.128447 -0.060338 0.146297 -0.130064 0.991223 -0.023662 -0.000139 0.056769 0.031270 0.997897 -0.000004 0.000000 0.000000 0.000000 1.000000
0.989560 0.129021 -0.064224 0.146297 -0.130950 0.991028 -0.026769 -0.000139 0.060194 0.034900 0.997577 -0.000005 0.000000 0.000000 0.000000 1.000000
0.989481 0.128900 -0.065669 0.146297 -0.131105 0.990901 -0.030434 -0.000139 0.061149 0.038723 0.997377 -0.000005 0.000000 0.000000 0.000000 1.000000
0.989512 0.128605 -0.065785 0.146297 -0.130924 0.990868 -0.032238 -0.000139 0.061038 0.040513 0.997313 -0.000006 0.000000 0.000000 0.000000 1.000000
0.989612 0.128172 -0.065116 0.146297 -0.130410 0.990964 -0.031351 -0.000139 0.060509 0.039518 0.997385 -0.000006 0.000000 0.000000 0.000000 1.000000
0.989743 0.127631 -0.064187 0.146297 -0.129562 0.991207 -0.026859 -0.000139 0.060194 0.034900 0.997576 -0.000005 0.000000 0.000000 0.000000 1.000000
0.990153 0.126943 -0.059012 0.146297 -0.128174 0.991596 -0.017551 -0.000139 0.056288 0.024942 0.998103 -0.000004 0.000000 0.000000 0.000000 1.000000
0.990910 0.125959 -0.047239 0.146297 -0.126373 0.991965 -0.005862 -0.000139 0.046121 0.011778 0.998866 -0.000002 0.000000 0.000000 0.000000 1.000000
0.991712 0.124546 -0.031555 0.146297 -0.124486 0.992214 0.003880 -0.000139 0.031793 0.000081 0.999495 -0.000000 0.000000 0.000000 0.000000 1.000000
0.992344 0.122625 -0.014712 0.146298 -0.122511 0.992431 0.008436 -0.000139 0.015635 -0.006569 0.999856 0.000001 0.000000 0.000000 0.000000 1.000000
0.992737 0.120307 -0.000220 0.146298 -0.120300 0.992692 0.009501 -0.000139 0.001362 -0.009406 0.999955 0.000001 0.000000 0.000000 0.000000 1.000000
0.993013 0.117724 0.008168 0.146298 -0.117801 0.992989 0.009804 -0.000140 -0.006956 -0.010697 0.999918 0.000002 0.000000 0.000000 0.000000 1.000000
0.993816 0.110446 0.011500 0.146299 -0.110568 0.993812 0.010563 -0.000140 -0.010262 -0.011769 0.999878 0.000002 0.000000 0.000000 0.000000 1.000000
0.995217 0.096809 0.013102 0.146301 -0.096955 0.995228 0.011002 -0.000140 -0.011974 -0.012220 0.999854 0.000002 0.000000 0.000000 0.000000 1.000000
0.996638 0.080824 0.013446 0.146304 -0.080974 0.996655 0.011016 -0.000140 -0.012511 -0.012067 0.999849 0.000002 0.000000 0.000000 0.000000 1.000000
0.997707 0.066422 0.012990 0.146306 -0.066560 0.997727 0.010479 -0.000140 -0.012265 -0.011320 0.999861 0.000002 0.000000 0.000000 0.000000 1.000000
0.998263 0.057641 0.012173 0.146307 -0.057755 0.998288 0.009286 -0.000140 -0.011617 -0.009973 0.999883 0.000001 0.000000 0.000000 0.000000 1.000000
0.998466 0.054053 0.012000 0.146307 -0.054168 0.998487 0.009469 -0.000140 -0.011470 -0.010105 0.999883 0.000001 0.000000 0.000000 0.000000 1.000000
0.998526 0.053147 0.011013 0.146308 -0.053241 0.998546 0.008479 -0.000140 -0.010546 -0.009053 0.999903 0.000001 0.000000 0.000000 0.000000 1.000000
0.998559 0.053220 0.006914 0.146308 -0.053216 0.998583 -0.000710 -0.000140 -0.006942 0.000341 0.999976 -0.000000 0.000000 0.000000 0.000000 1.000000
0.998578 0.053217 0.003231 0.146307 -0.053184 0.998538 -0.009687 -0.000140 -0.003741 0.009502 0.999948 -0.000001 0.000000 0.000000 0.000000 1.000000
0.998574 0.053219 0.004343 0.146307 -0.053188 0.998560 -0.006977 -0.000140 -0.004708 0.006736 0.999966 -0.000001 0.000000 0.000000 0.000000 1.000000
0.998559 0.053220 0.006914 0.146307 -0.053216 0.998583 -0.000710 -0.000140 -0.006942 0.000341 0.999976 -0.000000 0.000000 0.000000 0.000000 1.000000
0.998564 0.053492 0.002767 0.146307 -0.053458 0.998508 -0.011184 -0.000140 -0.003361 0.011020 0.999934 -0.000002 0.000000 0.000000 0.000000 1.000000
0.998450 0.055228 -0.006887 0.146307 -0.055435 0.997857 -0.034762 -0.000140 0.004953 0.035090 0.999372 -0.000005 0.000000 0.000000 0.000000 1.000000
0.998044 0.059817 -0.018193 0.146307 -0.060812 0.996334 -0.060172 -0.000140 0.014527 0.061161 0.998022 -0.000009 0.000000 0.000000 0.000000 1.000000
0.997257 0.068786 -0.027342 0.146305 -0.070691 0.994583 -0.076211 -0.000140 0.021951 0.077935 0.996717 -0.000011 0.000000 0.000000 0.000000 1.000000
0.996270 0.079980 -0.032379 0.146304 -0.082334 0.993434 -0.079436 -0.000140 0.025813 0.081806 0.996314 -0.000011 0.000000 0.000000 0.000000 1.000000
0.995264 0.090391 -0.035762 0.146302 -0.092973 0.992550 -0.078738 -0.000139 0.028378 0.081690 0.996254 -0.000011 0.000000 0.000000 0.000000 1.000000
0.994270 0.099769 -0.038387 0.146301 -0.102483 0.991765 -0.076804 -0.000139 0.030408 0.080298 0.996307 -0.000011 0.000000 0.000000 0.000000 1.000000
0.993340 0.107818 -0.040628 0.146300 -0.110628 0.991043 -0.074796 -0.000139 0.032200 0.078793 0.996371 -0.000011 0.000000 0.000000 0.000000 1.000000
0.992552 0.114075 -0.042751 0.146299 -0.116998 0.990400 -0.073612 -0.000139 0.033944 0.078066 0.996370 -0.000011 0.000000 0.000000 0.000000 1.000000
0.992028 0.117696 -0.045041 0.146298 -0.120818 0.989885 -0.074370 -0.000139 0.035832 0.079219 0.996213 -0.000011 0.000000 0.000000 0.000000 1.000000
0.991751 0.119421 -0.046562 0.146298 -0.122684 0.989609 -0.074992 -0.000139 0.037123 0.080086 0.996097 -0.000011 0.000000 0.000000 0.000000 1.000000
0.991626 0.120531 -0.046360 0.146298 -0.123694 0.989646 -0.072799 -0.000139 0.037105 0.077923 0.996269 -0.000011 0.000000 0.000000 0.000000 1.000000
0.991627 0.121108 -0.044813 0.146298 -0.123993 0.989918 -0.068471 -0.000139 0.036069 0.073454 0.996646 -0.000010 0.000000 0.000000 0.000000 1.000000
0.991723 0.121229 -0.042295 0.146298 -0.123731 0.990336 -0.062659 -0.000139 0.034290 0.067374 0.997139 -0.000009 0.000000 0.000000 0.000000 1.000000
0.991883 0.120967 -0.039172 0.146298 -0.123049 0.990820 -0.055995 -0.000139 0.032039 0.060360 0.997662 -0.000008 0.000000 0.000000 0.000000 1.000000
0.992080 0.120398 -0.035806 0.146298 -0.122076 0.991305 -0.049102 -0.000139 0.029583 0.053084 0.998152 -0.000007 0.000000 0.000000 0.000000 1.000000
0.992289 0.119594 -0.032554 0.146298 -0.120927 0.991747 -0.042609 -0.000139 0.027190 0.046217 0.998561 -0.000006 0.000000 0.000000 0.000000 1.000000
0.992492 0.118633 -0.029774 0.146298 -0.119703 0.992114 -0.037150 -0.000139 0.025132 0.040435 0.998866 -0.000006 0.000000 0.000000 0.000000 1.000000
0.992672 0.117594 -0.027822 0.146299 -0.118496 0.992393 -0.033382 -0.000139 0.023685 0.036434 0.999055 -0.000005 0.000000 0.000000 0.000000 1.000000
0.992815 0.116556 -0.027066 0.146299 -0.117399 0.992570 -0.031982 -0.000139 0.023137 0.034930 0.999122 -0.000005 0.000000 0.000000 0.000000 1.000000</float_array><technique_common><accessor source="#Bip001Spine1-Matrix-animation-output-transform-array" count="51" stride="16"><param type="float4x4"/></accessor></technique_common></source><source id="Bip001Spine1-Interpolations"><Name_array id="Bip001Spine1-Interpolations-array" count="51">
 LINEAR LINEAR LINEAR LINEAR LINEAR LINEAR LINEAR LINEAR LINEAR LINEAR LINEAR
LINEAR LINEAR LINEAR LINEAR LINEAR LINEAR LINEAR LINEAR LINEAR LINEAR LINEAR LINEAR
LINEAR LINEAR LINEAR LINEAR LINEAR LINEAR LINEAR LINEAR LINEAR LINEAR LINEAR LINEAR
LINEAR LINEAR LINEAR LINEAR LINEAR LINEAR LINEAR LINEAR LINEAR LINEAR LINEAR LINEAR
LINEAR LINEAR LINEAR LINEAR</Name_array><technique_common><accessor source="#Bip001Spine1-Interpolations-array" count="51"><param type="name"/></accessor></technique_common></source><sampler id="Bip001Spine1-Matrix-animation-transform"><input semantic="INPUT" source="#Bip001Spine1-Matrix-animation-input"/><input semantic="OUTPUT" source="#Bip001Spine1-Matrix-animation-output-transform"/><input semantic="INTERPOLATION" source="#Bip001Spine1-Interpolations"/></sampler><channel source="#Bip001Spine1-Matrix-animation-transform" target="Bip001Spine1/matrix"/></animation></animation>
    <animation id="Bip001Spine2-anim" name="Bip001Spine2"><animation><source id="Bip001Spine2-Matrix-animation-input"><float_array id="Bip001Spine2-Matrix-animation-input-array" count="51">

23.333333 23.366667 23.400000 23.433333 23.466667 23.500000 23.533333 23.566667 23.600000 23.633333 23.666667 23.700000 23.733333 23.766667 23.800000 23.833333
23.866667 23.900000 23.933333 23.966667 24.000000 24.033333 24.066667 24.100000 24.133333 24.166667 24.200000 24.233333 24.266667 24.300000 24.333333 24.366667
