<?xml version="1.0" encoding="utf-8"?>
<COLLADA xmlns="http://www.collada.org/2005/11/COLLADASchema" version="1.4.1">
  <asset><contributor><author></author><authoring_tool>FBX COLLADA exporter</authoring_tool><comments></comments></contributor><created>2015-02-27T04:58:20Z</created><keywords></keywords><modified>2015-02-27T04:58:20Z</modified><revision></revision><subject></subject><title></title><unit meter="1.000000" name="centimeter"></unit><up_axis>Y_UP</up_axis></asset>
  <library_animations>
    <animation id="Bip001-anim" name="Bip001"><animation><source id="Bip001-Matrix-animation-input"><float_array id="Bip001-Matrix-animation-input-array" count="69">

10.000000 10.033333 10.066667 10.100000 10.133333 10.166667 10.200000 10.233333 10.266667 10.300000 10.333333 10.366667 10.400000 10.433333 10.466667 10.500000
10.533333 10.566667 10.600000 10.633333 10.666667 10.700000 10.733333 10.766667 10.800000 10.833333 10.866667 10.900000 10.933333 10.966667 11.000000 11.033333
11.066667 11.100000 11.133333 11.166667 11.200000 11.233333 11.266667 11.300000 11.333333 11.366667 11.400000 11.433333 11.466667 11.500000 11.533333 11.566667
11.600000 11.633333 11.666667 11.700000 11.733333 11.766667 11.800000 11.833333 11.866667 11.900000 11.933333 11.966667 12.000000 12.033333 12.066667 12.100000
12.133333 12.166667 12.200000 12.233333 12.266667</float_array><technique_common><accessor source="#Bip001-Matrix-animation-input-array" count="69"><param name="TIME" type="float"/></accessor></technique_common></source><source id="Bip001-Matrix-animation-output-transform"><float_array id="Bip001-Matrix-animation-output-transform-array" count="1104">

0.000000 1.000000 -0.000000 0.015364 -0.000000 0.000000 1.000000 1.189479 1.000000 -0.000000 0.000000 0.036541 0.000000 0.000000 0.000000 1.000000
0.000000 1.000000 -0.000000 0.015099 -0.000000 0.000000 1.000000 1.189443 1.000000 -0.000000 0.000000 0.036433 0.000000 0.000000 0.000000 1.000000
0.000000 1.000000 -0.000000 0.014166 -0.000000 0.000000 1.000000 1.189430 1.000000 -0.000000 0.000000 0.036445 0.000000 0.000000 0.000000 1.000000
0.000000 1.000000 -0.000000 0.012975 -0.000000 0.000000 1.000000 1.189431 1.000000 -0.000000 0.000000 0.036505 0.000000 0.000000 0.000000 1.000000
0.000000 1.000000 -0.000000 0.011937 -0.000000 0.000000 1.000000 1.189443 1.000000 -0.000000 0.000000 0.036541 0.000000 0.000000 0.000000 1.000000
0.000000 1.000000 -0.000000 0.010521 -0.000000 0.000000 1.000000 1.189459 1.000000 -0.000000 0.000000 0.036541 0.000000 0.000000 0.000000 1.000000
0.000000 1.000000 -0.000000 0.009132 -0.000000 0.000000 1.000000 1.189473 1.000000 -0.000000 0.000000 0.036541 0.000000 0.000000 0.000000 1.000000
0.000000 1.000000 -0.000000 0.009585 -0.000000 0.000000 1.000000 1.189479 1.000000 -0.000000 0.000000 0.036541 0.000000 0.000000 0.000000 1.000000
0.000000 1.000000 -0.000000 0.013381 -0.000000 0.000000 1.000000 1.189479 1.000000 -0.000000 0.000000 0.036541 0.000000 0.000000 0.000000 1.000000
0.000000 1.000000 -0.000000 0.019018 -0.000000 0.000000 1.000000 1.189479 1.000000 -0.000000 0.000000 0.036541 0.000000 0.000000 0.000000 1.000000
0.000000 1.000000 -0.000000 0.023816 -0.000000 0.000000 1.000000 1.189479 1.000000 -0.000000 0.000000 0.036541 0.000000 0.000000 0.000000 1.000000
0.000000 1.000000 -0.000000 0.027357 -0.000000 0.000000 1.000000 1.189479 1.000000 -0.000000 0.000000 0.036541 0.000000 0.000000 0.000000 1.000000
0.000000 1.000000 -0.000000 0.030621 -0.000000 0.000000 1.000000 1.189479 1.000000 -0.000000 0.000000 0.036541 0.000000 0.000000 0.000000 1.000000
0.000000 1.000000 -0.000000 0.033022 -0.000000 0.000000 1.000000 1.189479 1.000000 -0.000000 0.000000 0.036541 0.000000 0.000000 0.000000 1.000000
0.000000 1.000000 -0.000000 0.033971 -0.000000 0.000000 1.000000 1.189479 1.000000 -0.000000 0.000000 0.036541 0.000000 0.000000 0.000000 1.000000
0.000000 1.000000 -0.000000 0.033764 -0.000000 0.000000 1.000000 1.189479 1.000000 -0.000000 0.000000 0.036541 0.000000 0.000000 0.000000 1.000000
0.000000 1.000000 -0.000000 0.033146 -0.000000 0.000000 1.000000 1.189479 1.000000 -0.000000 0.000000 0.036541 0.000000 0.000000 0.000000 1.000000
0.000000 1.000000 -0.000000 0.032207 -0.000000 0.000000 1.000000 1.189479 1.000000 -0.000000 0.000000 0.036541 0.000000 0.000000 0.000000 1.000000
0.000000 1.000000 -0.000000 0.031037 -0.000000 0.000000 1.000000 1.189479 1.000000 -0.000000 0.000000 0.036541 0.000000 0.000000 0.000000 1.000000
0.000000 1.000000 -0.000000 0.029727 -0.000000 0.000000 1.000000 1.189479 1.000000 -0.000000 0.000000 0.036541 0.000000 0.000000 0.000000 1.000000
0.000000 1.000000 -0.000000 0.028365 -0.000000 0.000000 1.000000 1.189479 1.000000 -0.000000 0.000000 0.036541 0.000000 0.000000 0.000000 1.000000
0.000000 1.000000 -0.000000 0.027043 -0.000000 0.000000 1.000000 1.189479 1.000000 -0.000000 0.000000 0.036541 0.000000 0.000000 0.000000 1.000000
0.000000 1.000000 -0.000000 0.025849 -0.000000 0.000000 1.000000 1.189479 1.000000 -0.000000 0.000000 0.036541 0.000000 0.000000 0.000000 1.000000
0.000000 1.000000 -0.000000 0.024875 -0.000000 0.000000 1.000000 1.189479 1.000000 -0.000000 0.000000 0.036541 0.000000 0.000000 0.000000 1.000000
0.000000 1.000000 -0.000000 0.024209 -0.000000 0.000000 1.000000 1.189479 1.000000 -0.000000 0.000000 0.036541 0.000000 0.000000 0.000000 1.000000
0.000000 1.000000 -0.000000 0.024412 -0.000000 0.000000 1.000000 1.189479 1.000000 -0.000000 0.000000 0.036541 0.000000 0.000000 0.000000 1.000000
0.000000 1.000000 -0.000000 0.025483 -0.000000 0.000000 1.000000 1.189479 1.000000 -0.000000 0.000000 0.036541 0.000000 0.000000 0.000000 1.000000
0.000000 1.000000 -0.000000 0.026674 -0.000000 0.000000 1.000000 1.189479 1.000000 -0.000000 0.000000 0.036541 0.000000 0.000000 0.000000 1.000000
0.000000 1.000000 -0.000000 0.027237 -0.000000 0.000000 1.000000 1.189479 1.000000 -0.000000 0.000000 0.036541 0.000000 0.000000 0.000000 1.000000
0.000000 1.000000 -0.000000 0.027147 -0.000000 0.000000 1.000000 1.189479 1.000000 -0.000000 0.000000 0.036541 0.000000 0.000000 0.000000 1.000000
0.000000 1.000000 -0.000000 0.026904 -0.000000 0.000000 1.000000 1.189479 1.000000 -0.000000 0.000000 0.036541 0.000000 0.000000 0.000000 1.000000
0.000000 1.000000 -0.000000 0.026548 -0.000000 0.000000 1.000000 1.189479 1.000000 -0.000000 0.000000 0.036541 0.000000 0.000000 0.000000 1.000000
0.000000 1.000000 -0.000000 0.026118 -0.000000 0.000000 1.000000 1.189479 1.000000 -0.000000 0.000000 0.036541 0.000000 0.000000 0.000000 1.000000
0.000000 1.000000 -0.000000 0.025654 -0.000000 0.000000 1.000000 1.189479 1.000000 -0.000000 0.000000 0.036541 0.000000 0.000000 0.000000 1.000000
0.000000 1.000000 -0.000000 0.025196 -0.000000 0.000000 1.000000 1.189479 1.000000 -0.000000 0.000000 0.036541 0.000000 0.000000 0.000000 1.000000
0.000000 1.000000 -0.000000 0.024782 -0.000000 0.000000 1.000000 1.189479 1.000000 -0.000000 0.000000 0.036541 0.000000 0.000000 0.000000 1.000000
0.000000 1.000000 -0.000000 0.024454 -0.000000 0.000000 1.000000 1.189479 1.000000 -0.000000 0.000000 0.036541 0.000000 0.000000 0.000000 1.000000
0.000000 1.000000 -0.000000 0.024249 -0.000000 0.000000 1.000000 1.189479 1.000000 -0.000000 0.000000 0.036541 0.000000 0.000000 0.000000 1.000000
0.000000 1.000000 -0.000000 0.024209 -0.000000 0.000000 1.000000 1.189479 1.000000 -0.000000 0.000000 0.036541 0.000000 0.000000 0.000000 1.000000
0.000000 1.000000 -0.000000 0.024382 -0.000000 0.000000 1.000000 1.189479 1.000000 -0.000000 0.000000 0.036541 0.000000 0.000000 0.000000 1.000000
0.000000 1.000000 -0.000000 0.024761 -0.000000 0.000000 1.000000 1.189479 1.000000 -0.000000 0.000000 0.036541 0.000000 0.000000 0.000000 1.000000
0.000000 1.000000 -0.000000 0.025300 -0.000000 0.000000 1.000000 1.189479 1.000000 -0.000000 0.000000 0.036541 0.000000 0.000000 0.000000 1.000000
0.000000 1.000000 -0.000000 0.025956 -0.000000 0.000000 1.000000 1.189479 1.000000 -0.000000 0.000000 0.036541 0.000000 0.000000 0.000000 1.000000
0.000000 1.000000 -0.000000 0.026684 -0.000000 0.000000 1.000000 1.189479 1.000000 -0.000000 0.000000 0.036541 0.000000 0.000000 0.000000 1.000000
0.000000 1.000000 -0.000000 0.027439 -0.000000 0.000000 1.000000 1.189479 1.000000 -0.000000 0.000000 0.036541 0.000000 0.000000 0.000000 1.000000
0.000000 1.000000 -0.000000 0.028177 -0.000000 0.000000 1.000000 1.189479 1.000000 -0.000000 0.000000 0.036541 0.000000 0.000000 0.000000 1.000000
0.000000 1.000000 -0.000000 0.028912 -0.000000 0.000000 1.000000 1.189479 1.000000 -0.000000 0.000000 0.036541 0.000000 0.000000 0.000000 1.000000
0.000000 1.000000 -0.000000 0.029748 -0.000000 0.000000 1.000000 1.189479 1.000000 -0.000000 0.000000 0.036541 0.000000 0.000000 0.000000 1.000000
0.000000 1.000000 -0.000000 0.030770 -0.000000 0.000000 1.000000 1.189479 1.000000 -0.000000 0.000000 0.036541 0.000000 0.000000 0.000000 1.000000
0.000000 1.000000 -0.000000 0.032063 -0.000000 0.000000 1.000000 1.189479 1.000000 -0.000000 0.000000 0.036541 0.000000 0.000000 0.000000 1.000000
0.000000 1.000000 -0.000000 0.033916 -0.000000 0.000000 1.000000 1.189479 1.000000 -0.000000 0.000000 0.036541 0.000000 0.000000 0.000000 1.000000
0.000000 1.000000 -0.000000 0.036193 -0.000000 0.000000 1.000000 1.189479 1.000000 -0.000000 0.000000 0.036541 0.000000 0.000000 0.000000 1.000000
0.000000 1.000000 -0.000000 0.038349 -0.000000 0.000000 1.000000 1.189479 1.000000 -0.000000 0.000000 0.036541 0.000000 0.000000 0.000000 1.000000
0.000000 1.000000 -0.000000 0.039837 -0.000000 0.000000 1.000000 1.189479 1.000000 -0.000000 0.000000 0.036541 0.000000 0.000000 0.000000 1.000000
0.000000 1.000000 -0.000000 0.040383 -0.000000 0.000000 1.000000 1.189479 1.000000 -0.000000 0.000000 0.036541 0.000000 0.000000 0.000000 1.000000
0.000000 1.000000 -0.000000 0.040322 -0.000000 0.000000 1.000000 1.189479 1.000000 -0.000000 0.000000 0.036541 0.000000 0.000000 0.000000 1.000000
0.000000 1.000000 -0.000000 0.040019 -0.000000 0.000000 1.000000 1.189479 1.000000 -0.000000 0.000000 0.036541 0.000000 0.000000 0.000000 1.000000
0.000000 1.000000 -0.000000 0.039837 -0.000000 0.000000 1.000000 1.189479 1.000000 -0.000000 0.000000 0.036541 0.000000 0.000000 0.000000 1.000000
0.000000 1.000000 -0.000000 0.040193 -0.000000 0.000000 1.000000 1.189479 1.000000 -0.000000 0.000000 0.036541 0.000000 0.000000 0.000000 1.000000
0.000000 1.000000 -0.000000 0.040904 -0.000000 0.000000 1.000000 1.189479 1.000000 -0.000000 0.000000 0.036541 0.000000 0.000000 0.000000 1.000000
0.000000 1.000000 -0.000000 0.041438 -0.000000 0.000000 1.000000 1.189479 1.000000 -0.000000 0.000000 0.036541 0.000000 0.000000 0.000000 1.000000
0.000000 1.000000 -0.000000 0.041260 -0.000000 0.000000 1.000000 1.189479 1.000000 -0.000000 0.000000 0.036541 0.000000 0.000000 0.000000 1.000000
0.000000 1.000000 -0.000000 0.039837 -0.000000 0.000000 1.000000 1.189479 1.000000 -0.000000 0.000000 0.036541 0.000000 0.000000 0.000000 1.000000
0.000000 1.000000 -0.000000 0.036530 -0.000000 0.000000 1.000000 1.189488 1.000000 -0.000000 0.000000 0.036571 0.000000 0.000000 0.000000 1.000000
0.000000 1.000000 -0.000000 0.031678 -0.000000 0.000000 1.000000 1.189510 1.000000 -0.000000 0.000000 0.036638 0.000000 0.000000 0.000000 1.000000
0.000000 1.000000 -0.000000 0.026209 -0.000000 0.000000 1.000000 1.189531 1.000000 -0.000000 0.000000 0.036705 0.000000 0.000000 0.000000 1.000000
0.000000 1.000000 -0.000000 0.021048 -0.000000 0.000000 1.000000 1.189541 1.000000 -0.000000 0.000000 0.036735 0.000000 0.000000 0.000000 1.000000
0.000000 1.000000 -0.000000 0.017124 -0.000000 0.000000 1.000000 1.189527 1.000000 -0.000000 0.000000 0.036693 0.000000 0.000000 0.000000 1.000000
0.000000 1.000000 -0.000000 0.015364 -0.000000 0.000000 1.000000 1.189479 1.000000 -0.000000 0.000000 0.036541 0.000000 0.000000 0.000000 1.000000</float_array><technique_common><accessor source="#Bip001-Matrix-animation-output-transform-array" count="69" stride="16"><param type="float4x4"/></accessor></technique_common></source><source id="Bip001-Interpolations"><Name_array id="Bip001-Interpolations-array" count="69">
 LINEAR LINEAR LINEAR LINEAR LINEAR LINEAR LINEAR LINEAR LINEAR LINEAR LINEAR
LINEAR LINEAR LINEAR LINEAR LINEAR LINEAR LINEAR LINEAR LINEAR LINEAR LINEAR LINEAR
LINEAR LINEAR LINEAR LINEAR LINEAR LINEAR LINEAR LINEAR LINEAR LINEAR LINEAR LINEAR
LINEAR LINEAR LINEAR LINEAR LINEAR LINEAR LINEAR LINEAR LINEAR LINEAR LINEAR LINEAR
LINEAR LINEAR LINEAR LINEAR LINEAR LINEAR LINEAR LINEAR LINEAR LINEAR LINEAR LINEAR
LINEAR LINEAR LINEAR LINEAR LINEAR LINEAR LINEAR LINEAR LINEAR LINEAR</Name_array><technique_common><accessor source="#Bip001-Interpolations-array" count="69"><param type="name"/></accessor></technique_common></source><sampler id="Bip001-Matrix-animation-transform"><input semantic="INPUT" source="#Bip001-Matrix-animation-input"/><input semantic="OUTPUT" source="#Bip001-Matrix-animation-output-transform"/><input semantic="INTERPOLATION" source="#Bip001-Interpolations"/></sampler><channel source="#Bip001-Matrix-animation-transform" target="Bip001/matrix"/></animation></animation>
    <animation id="Bip001Pelvis-anim" name="Bip001Pelvis"><animation><source id="Bip001Pelvis-Matrix-animation-input"><float_array id="Bip001Pelvis-Matrix-animation-input-array" count="69">

10.000000 10.033333 10.066667 10.100000 10.133333 10.166667 10.200000 10.233333 10.266667 10.300000 10.333333 10.366667 10.400000 10.433333 10.466667 10.500000
10.533333 10.566667 10.600000 10.633333 10.666667 10.700000 10.733333 10.766667 10.800000 10.833333 10.866667 10.900000 10.933333 10.966667 11.000000 11.033333
11.066667 11.100000 11.133333 11.166667 11.200000 11.233333 11.266667 11.300000 11.333333 11.366667 11.400000 11.433333 11.466667 11.500000 11.533333 11.566667
11.600000 11.633333 11.666667 11.700000 11.733333 11.766667 11.800000 11.833333 11.866667 11.900000 11.933333 11.966667 12.000000 12.033333 12.066667 12.100000
12.133333 12.166667 12.200000 12.233333 12.266667</float_array><technique_common><accessor source="#Bip001Pelvis-Matrix-animation-input-array" count="69"><param name="TIME" type="float"/></accessor></technique_common></source><source id="Bip001Pelvis-Matrix-animation-output-transform"><float_array id="Bip001Pelvis-Matrix-animation-output-transform-array" count="1104">

-0.000000 1.000000 -0.000001 0.000000 0.033323 0.000001 0.999445 0.000000 0.999445 -0.000000 -0.033323 0.000000 0.000000 0.000000 0.000000 1.000000
-0.000000 1.000000 -0.000001 0.000000 0.033462 0.000001 0.999440 0.000000 0.999440 -0.000000 -0.033462 0.000000 0.000000 0.000000 0.000000 1.000000
-0.000000 1.000000 -0.000001 0.000000 0.033585 0.000001 0.999436 0.000000 0.999436 -0.000000 -0.033585 0.000000 0.000000 0.000000 0.000000 1.000000
-0.000000 1.000000 -0.000001 0.000000 0.033692 0.000001 0.999432 0.000000 0.999432 -0.000000 -0.033692 0.000000 0.000000 0.000000 0.000000 1.000000
-0.000000 1.000000 -0.000001 0.000000 0.033785 0.000001 0.999429 0.000000 0.999429 -0.000000 -0.033785 0.000000 0.000000 0.000000 0.000000 1.000000
-0.000000 1.000000 -0.000001 0.000000 0.033862 0.000001 0.999427 0.000000 0.999427 -0.000000 -0.033862 0.000000 0.000000 0.000000 0.000000 1.000000
-0.000000 1.000000 -0.000001 0.000000 0.033926 0.000001 0.999424 0.000000 0.999424 -0.000000 -0.033926 0.000000 0.000000 0.000000 0.000000 1.000000
-0.000000 1.000000 -0.000001 0.000000 0.033976 0.000001 0.999423 0.000000 0.999423 -0.000000 -0.033976 0.000000 0.000000 0.000000 0.000000 1.000000
-0.000000 1.000000 -0.000001 0.000000 0.034013 0.000001 0.999421 0.000000 0.999421 -0.000000 -0.034013 0.000000 0.000000 0.000000 0.000000 1.000000
-0.000000 1.000000 -0.000001 0.000000 0.034037 0.000001 0.999421 0.000000 0.999421 -0.000000 -0.034037 0.000000 0.000000 0.000000 0.000000 1.000000
-0.000000 1.000000 -0.000001 0.000000 0.034050 0.000001 0.999420 0.000000 0.999420 -0.000000 -0.034050 0.000000 0.000000 0.000000 0.000000 1.000000
-0.000000 1.000000 -0.000001 0.000000 0.034051 0.000001 0.999420 0.000000 0.999420 -0.000000 -0.034051 0.000000 0.000000 0.000000 0.000000 1.000000
-0.000000 1.000000 -0.000001 0.000000 0.034042 0.000001 0.999420 0.000000 0.999420 -0.000000 -0.034042 0.000000 0.000000 0.000000 0.000000 1.000000
-0.000000 1.000000 -0.000001 0.000000 0.034022 0.000001 0.999421 0.000000 0.999421 -0.000000 -0.034022 0.000000 0.000000 0.000000 0.000000 1.000000
-0.000000 1.000000 -0.000001 0.000000 0.033992 0.000001 0.999422 0.000000 0.999422 -0.000000 -0.033992 0.000000 0.000000 0.000000 0.000000 1.000000
-0.000000 1.000000 -0.000001 0.000000 0.033954 0.000001 0.999423 0.000000 0.999423 -0.000000 -0.033954 0.000000 0.000000 0.000000 0.000000 1.000000
-0.000000 1.000000 -0.000001 0.000000 0.033907 0.000001 0.999425 0.000000 0.999425 -0.000000 -0.033907 0.000000 0.000000 0.000000 0.000000 1.000000
-0.000000 1.000000 -0.000001 0.000000 0.033852 0.000001 0.999427 0.000000 0.999427 -0.000000 -0.033852 0.000000 0.000000 0.000000 0.000000 1.000000
-0.000000 1.000000 -0.000001 0.000000 0.033789 0.000001 0.999429 0.000000 0.999429 -0.000000 -0.033789 0.000000 0.000000 0.000000 0.000000 1.000000
-0.000000 1.000000 -0.000001 0.000000 0.033720 0.000001 0.999431 0.000000 0.999431 -0.000000 -0.033720 0.000000 0.000000 0.000000 0.000000 1.000000
-0.000000 1.000000 -0.000001 0.000000 0.033644 0.000001 0.999434 0.000000 0.999434 -0.000000 -0.033644 0.000000 0.000000 0.000000 0.000000 1.000000
-0.000000 1.000000 -0.000001 0.000000 0.033562 0.000001 0.999437 0.000000 0.999437 -0.000000 -0.033562 0.000000 0.000000 0.000000 0.000000 1.000000
-0.000000 1.000000 -0.000001 0.000000 0.033476 0.000001 0.999440 0.000000 0.999440 -0.000000 -0.033476 0.000000 0.000000 0.000000 0.000000 1.000000
-0.000000 1.000000 -0.000001 0.000000 0.033384 0.000001 0.999443 0.000000 0.999443 -0.000000 -0.033384 0.000000 0.000000 0.000000 0.000000 1.000000
-0.000000 1.000000 -0.000001 0.000000 0.033288 0.000001 0.999446 0.000000 0.999446 -0.000000 -0.033288 0.000000 0.000000 0.000000 0.000000 1.000000
-0.000000 1.000000 -0.000001 0.000000 0.033189 0.000001 0.999449 0.000000 0.999449 -0.000000 -0.033189 0.000000 0.000000 0.000000 0.000000 1.000000
-0.000000 1.000000 -0.000001 0.000000 0.033086 0.000001 0.999452 0.000000 0.999452 -0.000000 -0.033086 0.000000 0.000000 0.000000 0.000000 1.000000
-0.000000 1.000000 -0.000001 0.000000 0.032981 0.000001 0.999456 0.000000 0.999456 -0.000000 -0.032981 0.000000 0.000000 0.000000 0.000000 1.000000
-0.000000 1.000000 -0.000001 0.000000 0.032875 0.000001 0.999459 0.000000 0.999459 -0.000000 -0.032875 0.000000 0.000000 0.000000 0.000000 1.000000
-0.000000 1.000000 -0.000001 0.000000 0.032766 0.000001 0.999463 0.000000 0.999463 -0.000000 -0.032766 0.000000 0.000000 0.000000 0.000000 1.000000
-0.000000 1.000000 -0.000001 0.000000 0.032657 0.000001 0.999467 0.000000 0.999467 -0.000000 -0.032657 0.000000 0.000000 0.000000 0.000000 1.000000
-0.000000 1.000000 -0.000001 0.000000 0.032548 0.000001 0.999470 0.000000 0.999470 -0.000000 -0.032548 0.000000 0.000000 0.000000 0.000000 1.000000
-0.000000 1.000000 -0.000001 0.000000 0.032438 0.000001 0.999474 0.000000 0.999474 -0.000000 -0.032438 0.000000 0.000000 0.000000 0.000000 1.000000
-0.000000 1.000000 -0.000001 0.000000 0.032330 0.000001 0.999477 0.000000 0.999477 -0.000000 -0.032330 0.000000 0.000000 0.000000 0.000000 1.000000
-0.000000 1.000000 -0.000001 0.000000 0.032223 0.000001 0.999481 0.000000 0.999481 -0.000000 -0.032223 0.000000 0.000000 0.000000 0.000000 1.000000
-0.000000 1.000000 -0.000001 0.000000 0.032118 0.000001 0.999484 0.000000 0.999484 -0.000000 -0.032118 0.000000 0.000000 0.000000 0.000000 1.000000
-0.000000 1.000000 -0.000001 0.000000 0.032015 0.000001 0.999487 0.000000 0.999487 -0.000000 -0.032015 0.000000 0.000000 0.000000 0.000000 1.000000
-0.000000 1.000000 -0.000001 0.000000 0.031915 0.000001 0.999491 0.000000 0.999491 -0.000000 -0.031915 0.000000 0.000000 0.000000 0.000000 1.000000
-0.000000 1.000000 -0.000001 0.000000 0.031819 0.000001 0.999494 0.000000 0.999494 -0.000000 -0.031819 0.000000 0.000000 0.000000 0.000000 1.000000
-0.000000 1.000000 -0.000001 0.000000 0.031727 0.000001 0.999497 0.000000 0.999497 -0.000000 -0.031727 0.000000 0.000000 0.000000 0.000000 1.000000
-0.000000 1.000000 -0.000001 0.000000 0.031640 0.000001 0.999499 0.000000 0.999499 -0.000000 -0.031640 0.000000 0.000000 0.000000 0.000000 1.000000
-0.000000 1.000000 -0.000001 0.000000 0.031558 0.000001 0.999502 0.000000 0.999502 -0.000000 -0.031558 0.000000 0.000000 0.000000 0.000000 1.000000
-0.000000 1.000000 -0.000001 0.000000 0.031481 0.000001 0.999504 0.000000 0.999504 -0.000000 -0.031481 0.000000 0.000000 0.000000 0.000000 1.000000
-0.000000 1.000000 -0.000001 0.000000 0.031411 0.000001 0.999507 0.000000 0.999507 -0.000000 -0.031411 0.000000 0.000000 0.000000 0.000000 1.000000
-0.000000 1.000000 -0.000001 0.000000 0.031348 0.000001 0.999509 0.000000 0.999509 -0.000000 -0.031348 0.000000 0.000000 0.000000 0.000000 1.000000
-0.000000 1.000000 -0.000001 0.000000 0.031292 0.000001 0.999510 0.000000 0.999510 -0.000000 -0.031292 0.000000 0.000000 0.000000 0.000000 1.000000
-0.000000 1.000000 -0.000001 0.000000 0.031244 0.000001 0.999512 0.000000 0.999512 -0.000000 -0.031244 0.000000 0.000000 0.000000 0.000000 1.000000
-0.000000 1.000000 -0.000001 0.000000 0.031205 0.000001 0.999513 0.000000 0.999513 -0.000000 -0.031205 0.000000 0.000000 0.000000 0.000000 1.000000
-0.000000 1.000000 -0.000001 0.000000 0.031175 0.000001 0.999514 0.000000 0.999514 -0.000000 -0.031175 0.000000 0.000000 0.000000 0.000000 1.000000
-0.000000 1.000000 -0.000001 0.000000 0.031154 0.000001 0.999515 0.000000 0.999515 -0.000000 -0.031154 0.000000 0.000000 0.000000 0.000000 1.000000
-0.000000 1.000000 -0.000001 0.000000 0.031143 0.000001 0.999515 0.000000 0.999515 -0.000000 -0.031143 0.000000 0.000000 0.000000 0.000000 1.000000
-0.000000 1.000000 -0.000001 0.000000 0.031144 0.000001 0.999515 0.000000 0.999515 -0.000000 -0.031144 0.000000 0.000000 0.000000 0.000000 1.000000
-0.000000 1.000000 -0.000001 0.000000 0.031155 0.000001 0.999515 0.000000 0.999515 -0.000000 -0.031155 0.000000 0.000000 0.000000 0.000000 1.000000
-0.000000 1.000000 -0.000001 0.000000 0.031179 0.000001 0.999514 0.000000 0.999514 -0.000000 -0.031179 0.000000 0.000000 0.000000 0.000000 1.000000
-0.000000 1.000000 -0.000001 0.000000 0.031214 0.000001 0.999513 0.000000 0.999513 -0.000000 -0.031214 0.000000 0.000000 0.000000 0.000000 1.000000
-0.000000 1.000000 -0.000001 0.000000 0.031263 0.000001 0.999511 0.000000 0.999511 -0.000000 -0.031263 0.000000 0.000000 0.000000 0.000000 1.000000
-0.000000 1.000000 -0.000001 0.000000 0.031325 0.000001 0.999509 0.000000 0.999509 -0.000000 -0.031325 0.000000 0.000000 0.000000 0.000000 1.000000
-0.000000 1.000000 -0.000001 0.000000 0.031401 0.000001 0.999507 0.000000 0.999507 -0.000000 -0.031401 0.000000 0.000000 0.000000 0.000000 1.000000
-0.000000 1.000000 -0.000001 0.000000 0.031492 0.000001 0.999504 0.000000 0.999504 -0.000000 -0.031492 0.000000 0.000000 0.000000 0.000000 1.000000
-0.000000 1.000000 -0.000001 0.000000 0.031598 0.000001 0.999501 0.000000 0.999501 -0.000000 -0.031598 0.000000 0.000000 0.000000 0.000000 1.000000
-0.000000 1.000000 -0.000001 0.000000 0.031719 0.000001 0.999497 0.000000 0.999497 -0.000000 -0.031719 0.000000 0.000000 0.000000 0.000000 1.000000
-0.000000 1.000000 -0.000001 0.000000 0.031857 0.000001 0.999492 0.000000 0.999492 -0.000000 -0.031857 0.000000 0.000000 0.000000 0.000000 1.000000
-0.000000 1.000000 -0.000001 0.000000 0.032012 0.000001 0.999487 0.000000 0.999487 -0.000000 -0.032012 0.000000 0.000000 0.000000 0.000000 1.000000
-0.000000 1.000000 -0.000001 0.000000 0.032184 0.000001 0.999482 0.000000 0.999482 -0.000000 -0.032184 0.000000 0.000000 0.000000 0.000000 1.000000
-0.000000 1.000000 -0.000001 0.000000 0.032374 0.000001 0.999476 0.000000 0.999476 -0.000000 -0.032374 0.000000 0.000000 0.000000 0.000000 1.000000
-0.000000 1.000000 -0.000001 0.000000 0.032582 0.000001 0.999469 0.000000 0.999469 -0.000000 -0.032582 0.000000 0.000000 0.000000 0.000000 1.000000
-0.000000 1.000000 -0.000001 0.000000 0.032809 0.000001 0.999462 0.000000 0.999462 -0.000000 -0.032809 0.000000 0.000000 0.000000 0.000000 1.000000
-0.000000 1.000000 -0.000001 0.000000 0.033056 0.000001 0.999454 0.000000 0.999454 -0.000000 -0.033056 0.000000 0.000000 0.000000 0.000000 1.000000
-0.000000 1.000000 -0.000001 0.000000 0.033323 0.000001 0.999445 0.000000 0.999445 -0.000000 -0.033323 0.000000 0.000000 0.000000 0.000000 1.000000</float_array><technique_common><accessor source="#Bip001Pelvis-Matrix-animation-output-transform-array" count="69" stride="16"><param type="float4x4"/></accessor></technique_common></source><source id="Bip001Pelvis-Interpolations"><Name_array id="Bip001Pelvis-Interpolations-array" count="69">
 LINEAR LINEAR LINEAR LINEAR LINEAR LINEAR LINEAR LINEAR LINEAR LINEAR LINEAR
LINEAR LINEAR LINEAR LINEAR LINEAR LINEAR LINEAR LINEAR LINEAR LINEAR LINEAR LINEAR
LINEAR LINEAR LINEAR LINEAR LINEAR LINEAR LINEAR LINEAR LINEAR LINEAR LINEAR LINEAR
LINEAR LINEAR LINEAR LINEAR LINEAR LINEAR LINEAR LINEAR LINEAR LINEAR LINEAR LINEAR
LINEAR LINEAR LINEAR LINEAR LINEAR LINEAR LINEAR LINEAR LINEAR LINEAR LINEAR LINEAR
LINEAR LINEAR LINEAR LINEAR LINEAR LINEAR LINEAR LINEAR LINEAR LINEAR</Name_array><technique_common><accessor source="#Bip001Pelvis-Interpolations-array" count="69"><param type="name"/></accessor></technique_common></source><sampler id="Bip001Pelvis-Matrix-animation-transform"><input semantic="INPUT" source="#Bip001Pelvis-Matrix-animation-input"/><input semantic="OUTPUT" source="#Bip001Pelvis-Matrix-animation-output-transform"/><input semantic="INTERPOLATION" source="#Bip001Pelvis-Interpolations"/></sampler><channel source="#Bip001Pelvis-Matrix-animation-transform" target="Bip001Pelvis/matrix"/></animation></animation>
    <animation id="Bip001Spine-anim" name="Bip001Spine"><animation><source id="Bip001Spine-Matrix-animation-input"><float_array id="Bip001Spine-Matrix-animation-input-array" count="69">

10.000000 10.033333 10.066667 10.100000 10.133333 10.166667 10.200000 10.233333 10.266667 10.300000 10.333333 10.366667 10.400000 10.433333 10.466667 10.500000
10.533333 10.566667 10.600000 10.633333 10.666667 10.700000 10.733333 10.766667 10.800000 10.833333 10.866667 10.900000 10.933333 10.966667 11.000000 11.033333
11.066667 11.100000 11.133333 11.166667 11.200000 11.233333 11.266667 11.300000 11.333333 11.366667 11.400000 11.433333 11.466667 11.500000 11.533333 11.566667
11.600000 11.633333 11.666667 11.700000 11.733333 11.766667 11.800000 11.833333 11.866667 11.900000 11.933333 11.966667 12.000000 12.033333 12.066667 12.100000
12.133333 12.166667 12.200000 12.233333 12.266667</float_array><technique_common><accessor source="#Bip001Spine-Matrix-animation-input-array" count="69"><param name="TIME" type="float"/></accessor></technique_common></source><source id="Bip001Spine-Matrix-animation-output-transform"><float_array id="Bip001Spine-Matrix-animation-output-transform-array" count="1104">

0.992173 -0.105439 0.066903 0.077658 0.105439 0.994419 0.003544 -0.022978 -0.066903 0.003538 0.997753 -0.002589 0.000000 0.000000 0.000000 1.000000
0.992232 -0.106267 0.064679 0.077658 0.106277 0.994331 0.003308 -0.022978 -0.064664 0.003591 0.997901 -0.002600 0.000000 0.000000 0.000000 1.000000
0.992298 -0.106905 0.062574 0.077658 0.106922 0.994263 0.003092 -0.022978 -0.062546 0.003622 0.998035 -0.002610 0.000000 0.000000 0.000000 1.000000
0.992341 -0.107413 0.061015 0.077657 0.107435 0.994208 0.002935 -0.022978 -0.060977 0.003643 0.998133 -0.002618 0.000000 0.000000 0.000000 1.000000
0.992328 -0.107848 0.060445 0.077657 0.107872 0.994161 0.002880 -0.022978 -0.060403 0.003663 0.998167 -0.002625 0.000000 0.000000 0.000000 1.000000
0.992234 -0.108240 0.061288 0.077657 0.108292 0.994116 0.002483 -0.022978 -0.061197 0.004173 0.998117 -0.002631 0.000000 0.000000 0.000000 1.000000
0.992046 -0.108606 0.063640 0.077657 0.108683 0.994074 0.002255 -0.022978 -0.063508 0.004680 0.997970 -0.002636 0.000000 0.000000 0.000000 1.000000
0.991746 -0.108988 0.067542 0.077657 0.108990 0.994036 0.003664 -0.022978 -0.067539 0.003728 0.997710 -0.002640 0.000000 0.000000 0.000000 1.000000
0.991313 -0.109403 0.073002 0.077657 0.109135 0.993998 0.007650 -0.022978 -0.073401 0.000383 0.997302 -0.002642 0.000000 0.000000 0.000000 1.000000
0.990762 -0.109762 0.079646 0.077657 0.109092 0.993950 0.012735 -0.022978 -0.080562 -0.003929 0.996742 -0.002644 0.000000 0.000000 0.000000 1.000000
0.990116 -0.109955 0.087060 0.077657 0.108890 0.993910 0.016898 -0.022978 -0.088388 -0.007251 0.996060 -0.002644 0.000000 0.000000 0.000000 1.000000
0.989408 -0.110011 0.094708 0.077657 0.108658 0.993891 0.019342 -0.022978 -0.096257 -0.008846 0.995317 -0.002644 0.000000 0.000000 0.000000 1.000000
0.988725 -0.110020 0.101583 0.077657 0.108475 0.993885 0.020630 -0.022978 -0.103232 -0.009378 0.994613 -0.002643 0.000000 0.000000 0.000000 1.000000
0.988201 -0.109958 0.106623 0.077657 0.108364 0.993897 0.020651 -0.022978 -0.108243 -0.008853 0.994085 -0.002642 0.000000 0.000000 0.000000 1.000000
0.987992 -0.109795 0.108709 0.077657 0.108336 0.993928 0.019254 -0.022978 -0.110163 -0.007246 0.993887 -0.002640 0.000000 0.000000 0.000000 1.000000
0.988081 -0.109535 0.108158 0.077657 0.108365 0.993972 0.016650 -0.022978 -0.109330 -0.004731 0.993994 -0.002637 0.000000 0.000000 0.000000 1.000000
0.988325 -0.109206 0.106246 0.077657 0.108385 0.994017 0.013495 -0.022978 -0.107084 -0.001822 0.994248 -0.002634 0.000000 0.000000 0.000000 1.000000
0.988692 -0.108802 0.103201 0.077657 0.108355 0.994063 0.009943 -0.022978 -0.103670 0.001352 0.994611 -0.002630 0.000000 0.000000 0.000000 1.000000
0.989153 -0.108313 0.099216 0.077657 0.108240 0.994106 0.006136 -0.022978 -0.099296 0.004670 0.995047 -0.002625 0.000000 0.000000 0.000000 1.000000
0.989665 -0.107758 0.094617 0.077657 0.108035 0.994145 0.002205 -0.022978 -0.094301 0.008040 0.995511 -0.002620 0.000000 0.000000 0.000000 1.000000
0.990205 -0.107169 0.089492 0.077658 0.107769 0.994174 -0.001892 -0.022978 -0.088768 0.011518 0.995986 -0.002615 0.000000 0.000000 0.000000 1.000000
0.990781 -0.106555 0.083660 0.077658 0.107451 0.994191 -0.006267 -0.022978 -0.082506 0.015199 0.996475 -0.002609 0.000000 0.000000 0.000000 1.000000
0.991393 -0.105924 0.076937 0.077658 0.107080 0.994189 -0.011037 -0.022978 -0.075321 0.019181 0.996975 -0.002603 0.000000 0.000000 0.000000 1.000000
0.992037 -0.105285 0.069123 0.077658 0.106648 0.994163 -0.016321 -0.022978 -0.067001 0.023563 0.997475 -0.002596 0.000000 0.000000 0.000000 1.000000
0.992698 -0.104646 0.060002 0.077658 0.106139 0.994102 -0.022250 -0.022978 -0.057319 0.028456 0.997950 -0.002589 0.000000 0.000000 0.000000 1.000000
0.993372 -0.104009 0.048936 0.077658 0.105514 0.993988 -0.029244 -0.022978 -0.045600 0.034213 0.998374 -0.002582 0.000000 0.000000 0.000000 1.000000
0.993941 -0.103343 0.037445 0.077659 0.104720 0.993817 -0.036908 -0.022978 -0.033400 0.040605 0.998617 -0.002575 0.000000 0.000000 0.000000 1.000000
0.994316 -0.102600 0.028456 0.077659 0.103793 0.993617 -0.044194 -0.022978 -0.023740 0.046897 0.998618 -0.002568 0.000000 0.000000 0.000000 1.000000
0.994498 -0.101734 0.024975 0.077659 0.102883 0.993433 -0.050055 -0.022978 -0.019719 0.052349 0.998434 -0.002560 0.000000 0.000000 0.000000 1.000000
0.994571 -0.100727 0.026138 0.077659 0.102019 0.993316 -0.053998 -0.022978 -0.020524 0.056371 0.998199 -0.002552 0.000000 0.000000 0.000000 1.000000
0.994613 -0.099679 0.028459 0.077659 0.101161 0.993263 -0.056525 -0.022978 -0.022633 0.059100 0.997995 -0.002544 0.000000 0.000000 0.000000 1.000000
0.994625 -0.098718 0.031252 0.077660 0.100404 0.993255 -0.057999 -0.022978 -0.025316 0.060825 0.997827 -0.002536 0.000000 0.000000 0.000000 1.000000
0.994614 -0.097973 0.033845 0.077660 0.099839 0.993268 -0.058745 -0.022978 -0.027862 0.061808 0.997699 -0.002527 0.000000 0.000000 0.000000 1.000000
0.994591 -0.097455 0.035921 0.077660 0.099464 0.993281 -0.059162 -0.022978 -0.029914 0.062415 0.997602 -0.002519 0.000000 0.000000 0.000000 1.000000
0.994565 -0.097067 0.037673 0.077660 0.099197 0.993285 -0.059531 -0.022978 -0.031641 0.062944 0.997515 -0.002511 0.000000 0.000000 0.000000 1.000000
0.994535 -0.096781 0.039172 0.077660 0.099021 0.993276 -0.059979 -0.022978 -0.033104 0.063531 0.997431 -0.002502 0.000000 0.000000 0.000000 1.000000
0.994502 -0.096572 0.040486 0.077661 0.098918 0.993246 -0.060637 -0.022978 -0.034357 0.064308 0.997338 -0.002495 0.000000 0.000000 0.000000 1.000000
0.994468 -0.096416 0.041677 0.077661 0.098875 0.993189 -0.061634 -0.022978 -0.035451 0.065414 0.997228 -0.002487 0.000000 0.000000 0.000000 1.000000
0.994432 -0.096290 0.042809 0.077661 0.098878 0.993096 -0.063111 -0.022978 -0.036436 0.066992 0.997088 -0.002480 0.000000 0.000000 0.000000 1.000000
0.994395 -0.096174 0.043932 0.077661 0.098911 0.992966 -0.065080 -0.022978 -0.037364 0.069061 0.996913 -0.002473 0.000000 0.000000 0.000000 1.000000
0.994356 -0.096062 0.045042 0.077661 0.098964 0.992808 -0.067362 -0.022978 -0.038247 0.071440 0.996711 -0.002466 0.000000 0.000000 0.000000 1.000000
0.994316 -0.095957 0.046125 0.077662 0.099033 0.992632 -0.069816 -0.022978 -0.039085 0.073987 0.996493 -0.002460 0.000000 0.000000 0.000000 1.000000
0.994277 -0.095859 0.047162 0.077662 0.099112 0.992446 -0.072305 -0.022978 -0.039875 0.076565 0.996267 -0.002455 0.000000 0.000000 0.000000 1.000000
0.994239 -0.095771 0.048139 0.077662 0.099197 0.992261 -0.074693 -0.022978 -0.040613 0.079038 0.996044 -0.002449 0.000000 0.000000 0.000000 1.000000
0.994202 -0.095693 0.049038 0.077662 0.099279 0.992088 -0.076846 -0.022978 -0.041296 0.081269 0.995836 -0.002445 0.000000 0.000000 0.000000 1.000000
0.994169 -0.095627 0.049840 0.077662 0.099354 0.991941 -0.078620 -0.022978 -0.041920 0.083113 0.995658 -0.002441 0.000000 0.000000 0.000000 1.000000
0.994135 -0.095677 0.050424 0.077662 0.099488 0.991861 -0.079456 -0.022978 -0.042411 0.084007 0.995562 -0.002437 0.000000 0.000000 0.000000 1.000000
0.994098 -0.095888 0.050743 0.077663 0.099720 0.991849 -0.079317 -0.022978 -0.042724 0.083909 0.995557 -0.002434 0.000000 0.000000 0.000000 1.000000
0.994062 -0.096184 0.050881 0.077662 0.100004 0.991862 -0.078800 -0.022978 -0.042888 0.083420 0.995591 -0.002432 0.000000 0.000000 0.000000 1.000000
0.994031 -0.096491 0.050915 0.077663 0.100300 0.991857 -0.078489 -0.022978 -0.042926 0.083128 0.995614 -0.002430 0.000000 0.000000 0.000000 1.000000
0.994012 -0.096822 0.050650 0.077663 0.100556 0.991927 -0.077267 -0.022978 -0.042760 0.081897 0.995723 -0.002429 0.000000 0.000000 0.000000 1.000000
0.994010 -0.097227 0.049905 0.077663 0.100758 0.992158 -0.073956 -0.022978 -0.042323 0.078541 0.996012 -0.002429 0.000000 0.000000 0.000000 1.000000
0.994022 -0.097685 0.048764 0.077663 0.100923 0.992495 -0.069052 -0.022978 -0.041652 0.073560 0.996421 -0.002429 0.000000 0.000000 0.000000 1.000000
0.994044 -0.098178 0.047310 0.077663 0.101063 0.992882 -0.063025 -0.022978 -0.040785 0.067431 0.996890 -0.002430 0.000000 0.000000 0.000000 1.000000
0.994072 -0.098687 0.045623 0.077663 0.101193 0.993271 -0.056335 -0.022978 -0.039757 0.060618 0.997369 -0.002432 0.000000 0.000000 0.000000 1.000000
0.994104 -0.099195 0.043782 0.077663 0.101324 0.993624 -0.049436 -0.022978 -0.038599 0.053581 0.997817 -0.002435 0.000000 0.000000 0.000000 1.000000
0.994138 -0.099685 0.041867 0.077663 0.101465 0.993919 -0.042788 -0.022978 -0.037347 0.046785 0.998207 -0.002439 0.000000 0.000000 0.000000 1.000000
0.994171 -0.100142 0.039958 0.077662 0.101620 0.994140 -0.036862 -0.022978 -0.036032 0.040707 0.998521 -0.002444 0.000000 0.000000 0.000000 1.000000
0.994166 -0.100536 0.039077 0.077662 0.101787 0.994309 -0.031456 -0.022978 -0.035692 0.035250 0.998741 -0.002451 0.000000 0.000000 0.000000 1.000000
0.994102 -0.100868 0.039833 0.077662 0.101950 0.994447 -0.026121 -0.022978 -0.036977 0.030027 0.998865 -0.002458 0.000000 0.000000 0.000000 1.000000
0.993987 -0.101165 0.041888 0.077662 0.102105 0.994553 -0.020947 -0.022978 -0.039540 0.025098 0.998903 -0.002467 0.000000 0.000000 0.000000 1.000000
0.993826 -0.101453 0.044916 0.077662 0.102259 0.994629 -0.016027 -0.022978 -0.043048 0.020521 0.998862 -0.002477 0.000000 0.000000 0.000000 1.000000
0.993621 -0.101758 0.048598 0.077661 0.102426 0.994675 -0.011451 -0.022978 -0.047174 0.016355 0.998753 -0.002489 0.000000 0.000000 0.000000 1.000000
0.993381 -0.102107 0.052623 0.077661 0.102629 0.994693 -0.007309 -0.022978 -0.051597 0.012662 0.998588 -0.002502 0.000000 0.000000 0.000000 1.000000
0.993114 -0.102526 0.056678 0.077660 0.102899 0.994685 -0.003695 -0.022978 -0.055998 0.009502 0.998386 -0.002516 0.000000 0.000000 0.000000 1.000000
0.992838 -0.103042 0.060452 0.077660 0.103273 0.994653 -0.000703 -0.022978 -0.060056 0.006941 0.998171 -0.002532 0.000000 0.000000 0.000000 1.000000
0.992573 -0.103680 0.063630 0.077659 0.103791 0.994598 0.001571 -0.022978 -0.063449 0.005045 0.997972 -0.002549 0.000000 0.000000 0.000000 1.000000
0.992343 -0.104470 0.065891 0.077659 0.104498 0.994521 0.003023 -0.022978 -0.065845 0.003886 0.997822 -0.002568 0.000000 0.000000 0.000000 1.000000
0.992173 -0.105439 0.066903 0.077658 0.105439 0.994419 0.003544 -0.022978 -0.066903 0.003538 0.997753 -0.002589 0.000000 0.000000 0.000000 1.000000</float_array><technique_common><accessor source="#Bip001Spine-Matrix-animation-output-transform-array" count="69" stride="16"><param type="float4x4"/></accessor></technique_common></source><source id="Bip001Spine-Interpolations"><Name_array id="Bip001Spine-Interpolations-array" count="69">
 LINEAR LINEAR LINEAR LINEAR LINEAR LINEAR LINEAR LINEAR LINEAR LINEAR LINEAR
LINEAR LINEAR LINEAR LINEAR LINEAR LINEAR LINEAR LINEAR LINEAR LINEAR LINEAR LINEAR
LINEAR LINEAR LINEAR LINEAR LINEAR LINEAR LINEAR LINEAR LINEAR LINEAR LINEAR LINEAR
LINEAR LINEAR LINEAR LINEAR LINEAR LINEAR LINEAR LINEAR LINEAR LINEAR LINEAR LINEAR
LINEAR LINEAR LINEAR LINEAR LINEAR LINEAR LINEAR LINEAR LINEAR LINEAR LINEAR LINEAR
LINEAR LINEAR LINEAR LINEAR LINEAR LINEAR LINEAR LINEAR LINEAR LINEAR</Name_array><technique_common><accessor source="#Bip001Spine-Interpolations-array" count="69"><param type="name"/></accessor></technique_common></source><sampler id="Bip001Spine-Matrix-animation-transform"><input semantic="INPUT" source="#Bip001Spine-Matrix-animation-input"/><input semantic="OUTPUT" source="#Bip001Spine-Matrix-animation-output-transform"/><input semantic="INTERPOLATION" source="#Bip001Spine-Interpolations"/></sampler><channel source="#Bip001Spine-Matrix-animation-transform" target="Bip001Spine/matrix"/></animation></animation>
    <animation id="Bip001Spine1-anim" name="Bip001Spine1"><animation><source id="Bip001Spine1-Matrix-animation-input"><float_array id="Bip001Spine1-Matrix-animation-input-array" count="69">

10.000000 10.033333 10.066667 10.100000 10.133333 10.166667 10.200000 10.233333 10.266667 10.300000 10.333333 10.366667 10.400000 10.433333 10.466667 10.500000
10.533333 10.566667 10.600000 10.633333 10.666667 10.700000 10.733333 10.766667 10.800000 10.833333 10.866667 10.900000 10.933333 10.966667 11.000000 11.033333
11.066667 11.100000 11.133333 11.166667 11.200000 11.233333 11.266667 11.300000 11.333333 11.366667 11.400000 11.433333 11.466667 11.500000 11.533333 11.566667
11.600000 11.633333 11.666667 11.700000 11.733333 11.766667 11.800000 11.833333 11.866667 11.900000 11.933333 11.966667 12.000000 12.033333 12.066667 12.100000
12.133333 12.166667 12.200000 12.233333 12.266667</float_array><technique_common><accessor source="#Bip001Spine1-Matrix-animation-input-array" count="69"><param name="TIME" type="float"/></accessor></technique_common></source><source id="Bip001Spine1-Matrix-animation-output-transform"><float_array id="Bip001Spine1-Matrix-animation-output-transform-array" count="1104">

0.992815 0.116556 -0.027066 0.146299 -0.117399 0.992570 -0.031982 -0.000139 0.023137 0.034930 0.999122 -0.000005 0.000000 0.000000 0.000000 1.000000
