<?xml version="1.0" encoding="utf-8"?>
<COLLADA xmlns="http://www.collada.org/2005/11/COLLADASchema" version="1.4.1">
  <asset><contributor><author></author><authoring_tool>FBX COLLADA exporter</authoring_tool><comments></comments></contributor><created>2015-04-16T00:47:27Z</created><keywords></keywords><modified>2015-04-16T00:47:27Z</modified><revision></revision><subject></subject><title></title><unit meter="1.000000" name="centimeter"></unit><up_axis>Y_UP</up_axis></asset>
  <library_animations>
    <animation id="Bip001-anim" name="Bip001"><animation><source id="Bip001-Matrix-animation-input"><float_array id="Bip001-Matrix-animation-input-array" count="112">

4.333333 4.366667 4.400000 4.433333 4.466667 4.500000 4.533333 4.566667 4.600000 4.633333 4.666667 4.700000 4.733333 4.766667 4.800000 4.833333
4.866667 4.900000 4.933333 4.966667 5.000000 5.033333 5.066667 5.100000 5.133333 5.166667 5.200000 5.233333 5.266667 5.300000 5.333333 5.366667
5.400000 5.433333 5.466667 5.500000 5.533333 5.566667 5.600000 5.633333 5.666667 5.700000 5.733333 5.766667 5.800000 5.833333 5.866667 5.900000
5.933333 5.966667 6.000000 6.033333 6.066667 6.100000 6.133333 6.166667 6.200000 6.233333 6.266667 6.300000 6.333333 6.366667 6.400000 6.433333
6.466667 6.500000 6.533333 6.566667 6.600000 6.633333 6.666667 6.700000 6.733333 6.766667 6.800000 6.833333 6.866667 6.900000 6.933333 6.966667
7.000000 7.033333 7.066667 7.100000 7.133333 7.166667 7.200000 7.233333 7.266667 7.300000 7.333333 7.366667 7.400000 7.433333 7.466667 7.500000
7.533333 7.566667 7.600000 7.633333 7.666667 7.700000 7.733333 7.766667 7.800000 7.833333 7.866667 7.900000 7.933333 7.966667 8.000000 8.033333</float_array><technique_common><accessor source="#Bip001-Matrix-animation-input-array" count="112"><param name="TIME" type="float"/></accessor></technique_common></source><source id="Bip001-Matrix-animation-output-transform"><float_array id="Bip001-Matrix-animation-output-transform-array" count="1792">

0.000000 1.000000 -0.000000 0.098608 -0.000000 0.000000 1.000000 1.191647 1.000000 -0.000000 0.000000 0.000000 0.000000 0.000000 0.000000 1.000000
0.000000 1.000000 -0.000000 0.098659 -0.000000 0.000000 1.000000 1.192163 1.000000 -0.000000 0.000000 0.000000 0.000000 0.000000 0.000000 1.000000
0.000000 1.000000 -0.000000 0.098798 -0.000000 0.000000 1.000000 1.194423 1.000000 -0.000000 0.000000 0.000000 0.000000 0.000000 0.000000 1.000000
0.000000 1.000000 -0.000000 0.099010 -0.000000 0.000000 1.000000 1.197352 1.000000 -0.000000 0.000000 0.000000 0.000000 0.000000 0.000000 1.000000
0.000000 1.000000 -0.000000 0.099283 -0.000000 0.000000 1.000000 1.199901 1.000000 -0.000000 0.000000 0.000000 0.000000 0.000000 0.000000 1.000000
0.000000 1.000000 -0.000000 0.099608 -0.000000 0.000000 1.000000 1.201000 1.000000 -0.000000 0.000000 0.000000 0.000000 0.000000 0.000000 1.000000
0.005048 0.999987 -0.000002 0.099978 0.000840 -0.000002 1.000000 1.201532 0.999987 -0.005048 -0.000840 0.000000 0.000000 0.000000 0.000000 1.000000
0.014624 0.999893 -0.000066 0.100380 0.009047 -0.000066 0.999959 1.202584 0.999852 -0.014624 -0.009047 0.000000 0.000000 0.000000 0.000000 1.000000
0.016602 0.999862 -0.000223 0.100797 0.026836 -0.000223 0.999640 1.203371 0.999502 -0.016602 -0.026836 0.000000 0.000000 0.000000 0.000000 1.000000
0.007159 0.999974 -0.000154 0.101214 0.043036 -0.000154 0.999073 1.203114 0.999048 -0.007159 -0.043036 0.000000 0.000000 0.000000 0.000000 1.000000
0.000002 1.000000 -0.000000 0.101612 0.048738 0.000000 0.998812 1.201000 0.998812 -0.000002 -0.048738 0.000000 0.000000 0.000000 0.000000 1.000000
0.000002 1.000000 -0.000000 0.101979 0.055339 0.000000 0.998468 1.198196 0.998468 -0.000002 -0.055339 0.000000 0.000000 0.000000 0.000000 1.000000
0.000002 1.000000 -0.000000 0.102310 0.071677 0.000000 0.997428 1.196344 0.997428 -0.000002 -0.071677 0.000000 0.000000 0.000000 0.000000 1.000000
0.000002 1.000000 -0.000000 0.102590 0.092777 0.000000 0.995687 1.195313 0.995687 -0.000002 -0.092777 0.000000 0.000000 0.000000 0.000000 1.000000
0.000002 1.000000 -0.000000 0.102808 0.113835 0.000000 0.993500 1.194983 0.993500 -0.000002 -0.113835 0.000000 0.000000 0.000000 0.000000 1.000000
0.000002 1.000000 -0.000000 0.102949 0.130084 -0.000000 0.991503 1.195247 0.991503 -0.000002 -0.130084 0.000000 0.000000 0.000000 0.000000 1.000000
0.000002 1.000000 -0.000000 0.103000 0.136635 -0.000000 0.990621 1.196000 0.990621 -0.000002 -0.136635 0.000000 0.000000 0.000000 0.000000 1.000000
0.000002 1.000000 0.000000 0.102365 0.139413 -0.000000 0.990234 1.196184 0.990234 -0.000002 -0.139413 0.000000 0.000000 0.000000 0.000000 1.000000
0.000002 1.000000 -0.000000 0.100557 0.146288 -0.000000 0.989242 1.194985 0.989242 -0.000002 -0.146288 0.000000 0.000000 0.000000 0.000000 1.000000
0.000002 1.000000 -0.000000 0.097707 0.155169 -0.000000 0.987888 1.192647 0.987888 -0.000002 -0.155169 0.000000 0.000000 0.000000 0.000000 1.000000
0.000002 1.000000 -0.000000 0.093931 0.164037 0.000000 0.986454 1.189396 0.986454 -0.000002 -0.164037 0.000000 0.000000 0.000000 0.000000 1.000000
0.000002 1.000000 -0.000001 0.089331 0.170885 0.000000 0.985291 1.185444 0.985291 -0.000002 -0.170885 0.000000 0.000000 0.000000 0.000000 1.000000
0.000002 1.000000 -0.000001 0.084000 0.173648 0.000000 0.984808 1.181000 0.984808 -0.000002 -0.173648 0.000000 0.000000 0.000000 0.000000 1.000000
0.000002 1.000000 -0.000001 0.077651 0.173648 0.000000 0.984808 1.175899 0.984808 -0.000002 -0.173648 0.000000 0.000000 0.000000 0.000000 1.000000
0.000002 1.000000 -0.000001 0.070083 0.173648 0.000000 0.984808 1.169195 0.984808 -0.000002 -0.173648 0.000000 0.000000 0.000000 0.000000 1.000000
0.000002 1.000000 -0.000001 0.061481 0.173648 0.000000 0.984808 1.159914 0.984808 -0.000002 -0.173648 0.000000 0.000000 0.000000 0.000000 1.000000
0.000002 1.000000 -0.000001 0.052000 0.173648 0.000000 0.984808 1.147000 0.984808 -0.000002 -0.173648 0.000000 0.000000 0.000000 0.000000 1.000000
0.000002 1.000000 -0.000001 0.041835 0.160113 0.000000 0.987099 1.130180 0.987099 -0.000002 -0.160113 0.000000 0.000000 0.000000 0.000000 1.000000
0.000002 1.000000 -0.000000 0.031605 0.130526 0.000000 0.991445 1.112690 0.991445 -0.000002 -0.130526 0.000000 0.000000 0.000000 0.000000 1.000000
0.000002 1.000000 -0.000000 0.022068 0.100822 -0.000000 0.994904 1.098531 0.994905 -0.000002 -0.100822 0.000000 0.000000 0.000000 0.000000 1.000000
0.000002 1.000000 -0.000000 0.014000 0.087156 0.000000 0.996195 1.091805 0.996195 -0.000002 -0.087156 0.000000 0.000000 0.000000 0.000000 1.000000
0.007236 0.999974 -0.000297 0.007308 0.081965 -0.000297 0.996635 1.090668 0.996609 -0.007236 -0.081965 0.000000 0.000000 0.000000 0.000000 1.000000
0.021505 0.999768 -0.000715 0.001309 0.066422 -0.000715 0.997791 1.090336 0.997560 -0.021505 -0.066422 0.000000 0.000000 0.000000 0.000000 1.000000
0.030668 0.999529 -0.000661 -0.004053 0.043043 -0.000660 0.999073 1.090762 0.998602 -0.030668 -0.043043 0.000000 0.000000 0.000000 0.000000 1.000000
0.028005 0.999608 -0.000279 -0.008826 0.019952 -0.000279 0.999801 1.091907 0.999409 -0.028005 -0.019952 0.000000 0.000000 0.000000 0.000000 1.000000
0.016549 0.999863 -0.000044 -0.013051 0.005357 -0.000044 0.999986 1.093740 0.999849 -0.016549 -0.005357 0.000000 0.000000 0.000000 0.000000 1.000000
0.004873 0.999988 -0.000001 -0.016765 0.000430 -0.000001 1.000000 1.096235 0.999988 -0.004873 -0.000430 0.000000 0.000000 0.000000 0.000000 1.000000
0.000000 1.000000 0.000000 -0.020000 0.000000 -0.000000 1.000000 1.099374 1.000000 -0.000000 -0.000000 0.000000 0.000000 0.000000 0.000000 1.000000
0.000000 1.000000 0.000000 -0.022656 0.000000 -0.000000 1.000000 1.103370 1.000000 -0.000000 -0.000000 0.000000 0.000000 0.000000 0.000000 1.000000
0.000000 1.000000 0.000000 -0.024735 0.000000 -0.000000 1.000000 1.108148 1.000000 -0.000000 -0.000000 0.000000 0.000000 0.000000 0.000000 1.000000
0.000000 1.000000 0.000000 -0.026403 0.000000 -0.000000 1.000000 1.113287 1.000000 -0.000000 -0.000000 0.000000 0.000000 0.000000 0.000000 1.000000
0.000000 1.000000 0.000000 -0.027821 0.000000 -0.000000 1.000000 1.118376 1.000000 -0.000000 -0.000000 0.000000 0.000000 0.000000 0.000000 1.000000
0.000000 1.000000 0.000000 -0.029143 0.000000 -0.000000 1.000000 1.123000 1.000000 -0.000000 -0.000000 0.000000 0.000000 0.000000 0.000000 1.000000
0.000000 1.000000 0.000000 -0.030428 0.000000 -0.000000 1.000000 1.127045 1.000000 -0.000000 -0.000000 0.000000 0.000000 0.000000 0.000000 1.000000
0.000000 1.000000 0.000000 -0.031633 0.000000 -0.000000 1.000000 1.130803 1.000000 -0.000000 -0.000000 0.000000 0.000000 0.000000 0.000000 1.000000
0.000000 1.000000 0.000000 -0.032774 0.000000 -0.000000 1.000000 1.134439 1.000000 -0.000000 -0.000000 0.000000 0.000000 0.000000 0.000000 1.000000
0.000000 1.000000 0.000000 -0.033860 0.000000 -0.000000 1.000000 1.138114 1.000000 -0.000000 -0.000000 0.000000 0.000000 0.000000 0.000000 1.000000
0.000000 1.000000 0.000000 -0.034904 0.000000 -0.000000 1.000000 1.141989 1.000000 -0.000000 -0.000000 0.000000 0.000000 0.000000 0.000000 1.000000
0.000000 1.000000 0.000000 -0.035917 0.000000 -0.000000 1.000000 1.146228 1.000000 -0.000000 -0.000000 0.000000 0.000000 0.000000 0.000000 1.000000
0.000000 1.000000 0.000000 -0.036909 0.000000 -0.000000 1.000000 1.151000 1.000000 -0.000000 -0.000000 0.000000 0.000000 0.000000 0.000000 1.000000
0.000000 1.000000 0.000000 -0.037872 0.000000 -0.000000 1.000000 1.156307 1.000000 -0.000000 -0.000000 0.000000 0.000000 0.000000 0.000000 1.000000
0.000000 1.000000 0.000000 -0.038785 0.000000 -0.000000 1.000000 1.161919 1.000000 -0.000000 -0.000000 0.000000 0.000000 0.000000 0.000000 1.000000
0.000000 1.000000 0.000000 -0.039638 0.000000 -0.000000 1.000000 1.167675 1.000000 -0.000000 -0.000000 0.000000 0.000000 0.000000 0.000000 1.000000
0.000000 1.000000 0.000000 -0.040421 0.000000 -0.000000 1.000000 1.173421 1.000000 -0.000000 -0.000000 0.000000 0.000000 0.000000 0.000000 1.000000
0.000000 1.000000 0.000000 -0.041122 0.000000 -0.000000 1.000000 1.179000 1.000000 -0.000000 -0.000000 0.000000 0.000000 0.000000 0.000000 1.000000
0.000000 1.000000 0.000000 -0.041746 0.000000 -0.000000 1.000000 1.184276 1.000000 -0.000000 -0.000000 0.000000 0.000000 0.000000 0.000000 1.000000
0.000000 1.000000 0.000000 -0.042310 0.000000 -0.000000 1.000000 1.189032 1.000000 -0.000000 -0.000000 0.000000 0.000000 0.000000 0.000000 1.000000
0.000000 1.000000 0.000000 -0.042818 0.000000 -0.000000 1.000000 1.192981 1.000000 -0.000000 -0.000000 0.000000 0.000000 0.000000 0.000000 1.000000
0.000000 1.000000 0.000000 -0.043277 0.000000 -0.000000 1.000000 1.195833 1.000000 -0.000000 -0.000000 0.000000 0.000000 0.000000 0.000000 1.000000
0.000000 1.000000 0.000000 -0.043690 0.000000 -0.000000 1.000000 1.197283 1.000000 -0.000000 -0.000000 0.000000 0.000000 0.000000 0.000000 1.000000
0.000000 1.000000 0.000000 -0.044060 0.000000 -0.000000 1.000000 1.197000 1.000000 -0.000000 -0.000000 0.000000 0.000000 0.000000 0.000000 1.000000
0.000000 1.000000 0.000000 -0.044381 0.000000 -0.000000 1.000000 1.195991 1.000000 -0.000000 -0.000000 0.000000 0.000000 0.000000 0.000000 1.000000
0.000000 1.000000 0.000000 -0.044641 0.000000 -0.000000 1.000000 1.195250 1.000000 -0.000000 -0.000000 0.000000 0.000000 0.000000 0.000000 1.000000
0.000000 1.000000 0.000000 -0.044835 0.000000 -0.000000 1.000000 1.194413 1.000000 -0.000000 -0.000000 0.000000 0.000000 0.000000 0.000000 1.000000
0.000000 1.000000 0.000000 -0.044957 0.000000 -0.000000 1.000000 1.193121 1.000000 -0.000000 -0.000000 0.000000 0.000000 0.000000 0.000000 1.000000
0.000000 1.000000 0.000000 -0.045000 0.000000 -0.000000 1.000000 1.191000 1.000000 -0.000000 -0.000000 0.000000 0.000000 0.000000 0.000000 1.000000
0.000000 1.000000 0.000000 -0.044737 0.000000 -0.000000 1.000000 1.187891 1.000000 -0.000000 -0.000000 0.000000 0.000000 0.000000 0.000000 1.000000
0.000000 1.000000 0.000000 -0.043959 0.000000 -0.000000 1.000000 1.183838 1.000000 -0.000000 -0.000000 0.000000 0.000000 0.000000 0.000000 1.000000
0.000000 1.000000 0.000000 -0.042676 0.000000 -0.000000 1.000000 1.178741 1.000000 -0.000000 -0.000000 0.000000 0.000000 0.000000 0.000000 1.000000
0.000000 1.000000 0.000000 -0.040891 0.000000 -0.000000 1.000000 1.172489 1.000000 -0.000000 -0.000000 0.000000 0.000000 0.000000 0.000000 1.000000
0.000000 1.000000 0.000000 -0.038601 0.000000 -0.000000 1.000000 1.164958 1.000000 -0.000000 -0.000000 0.000000 0.000000 0.000000 0.000000 1.000000
0.000000 1.000000 0.000000 -0.035795 0.000000 -0.000000 1.000000 1.156000 1.000000 -0.000000 -0.000000 0.000000 0.000000 0.000000 0.000000 1.000000
0.000000 1.000000 0.000000 -0.032212 0.000000 -0.000000 1.000000 1.146326 1.000000 -0.000000 -0.000000 0.000000 0.000000 0.000000 0.000000 1.000000
0.000000 1.000000 0.000000 -0.027811 0.000000 -0.000000 1.000000 1.136511 1.000000 -0.000000 -0.000000 0.000000 0.000000 0.000000 0.000000 1.000000
0.000000 1.000000 0.000000 -0.022890 0.000000 -0.000000 1.000000 1.126194 1.000000 -0.000000 -0.000000 0.000000 0.000000 0.000000 0.000000 1.000000
0.000000 1.000000 0.000000 -0.017731 0.000000 -0.000000 1.000000 1.115000 1.000000 -0.000000 -0.000000 0.000000 0.000000 0.000000 0.000000 1.000000
0.000000 1.000000 0.000000 -0.012588 0.000000 -0.000000 1.000000 1.102603 1.000000 -0.000000 -0.000000 0.000000 0.000000 0.000000 0.000000 1.000000
0.000000 1.000000 0.000000 -0.007469 0.000000 -0.000000 1.000000 1.090940 1.000000 -0.000000 -0.000000 0.000000 0.000000 0.000000 0.000000 1.000000
0.000000 1.000000 0.000000 -0.002283 0.000000 -0.000000 1.000000 1.083000 1.000000 -0.000000 -0.000000 0.000000 0.000000 0.000000 0.000000 1.000000
0.000000 1.000000 0.000000 0.002921 0.000000 -0.000000 1.000000 1.079395 1.000000 -0.000000 -0.000000 0.000000 0.000000 0.000000 0.000000 1.000000
0.000000 1.000000 0.000000 0.008038 0.000000 -0.000000 1.000000 1.077984 1.000000 -0.000000 -0.000000 0.000000 0.000000 0.000000 0.000000 1.000000
0.000000 1.000000 0.000000 0.013068 0.000000 -0.000000 1.000000 1.077862 1.000000 -0.000000 -0.000000 0.000000 0.000000 0.000000 0.000000 1.000000
0.000000 1.000000 0.000000 0.018014 0.000000 -0.000000 1.000000 1.078159 1.000000 -0.000000 -0.000000 0.000000 0.000000 0.000000 0.000000 1.000000
0.000000 1.000000 0.000000 0.022879 0.000000 -0.000000 1.000000 1.078004 1.000000 -0.000000 -0.000000 0.000000 0.000000 0.000000 0.000000 1.000000
0.000000 1.000000 0.000000 0.027663 0.000000 -0.000000 1.000000 1.077902 1.000000 -0.000000 -0.000000 0.000000 0.000000 0.000000 0.000000 1.000000
0.000000 1.000000 0.000000 0.032369 0.000000 -0.000000 1.000000 1.078863 1.000000 -0.000000 -0.000000 0.000000 0.000000 0.000000 0.000000 1.000000
0.000000 1.000000 0.000000 0.036997 0.000000 -0.000000 1.000000 1.080755 1.000000 -0.000000 -0.000000 0.000000 0.000000 0.000000 0.000000 1.000000
0.000000 1.000000 0.000000 0.041548 0.000000 -0.000000 1.000000 1.083451 1.000000 -0.000000 -0.000000 0.000000 0.000000 0.000000 0.000000 1.000000
0.000000 1.000000 0.000000 0.046024 0.000000 -0.000000 1.000000 1.086834 1.000000 -0.000000 -0.000000 0.000000 0.000000 0.000000 0.000000 1.000000
0.000000 1.000000 0.000000 0.050424 0.000000 -0.000000 1.000000 1.090793 1.000000 -0.000000 -0.000000 0.000000 0.000000 0.000000 0.000000 1.000000
0.000000 1.000000 0.000000 0.054750 0.000000 -0.000000 1.000000 1.095217 1.000000 -0.000000 -0.000000 0.000000 0.000000 0.000000 0.000000 1.000000
0.000000 1.000000 0.000000 0.059000 0.000000 -0.000000 1.000000 1.100000 1.000000 -0.000000 -0.000000 0.000000 0.000000 0.000000 0.000000 1.000000
0.000000 1.000000 0.000000 0.062955 0.000000 -0.000000 1.000000 1.104599 1.000000 -0.000000 -0.000000 0.000000 0.000000 0.000000 0.000000 1.000000
0.000000 1.000000 0.000000 0.066463 0.000000 -0.000000 1.000000 1.108734 1.000000 -0.000000 -0.000000 0.000000 0.000000 0.000000 0.000000 1.000000
0.000000 1.000000 0.000000 0.069622 0.000000 -0.000000 1.000000 1.112671 1.000000 -0.000000 -0.000000 0.000000 0.000000 0.000000 0.000000 1.000000
0.000000 1.000000 0.000000 0.072521 0.000000 -0.000000 1.000000 1.116671 1.000000 -0.000000 -0.000000 0.000000 0.000000 0.000000 0.000000 1.000000
0.000000 1.000000 0.000000 0.075245 0.000000 -0.000000 1.000000 1.121000 1.000000 -0.000000 -0.000000 0.000000 0.000000 0.000000 0.000000 1.000000
0.000000 1.000000 0.000000 0.077849 0.000000 -0.000000 1.000000 1.125388 1.000000 -0.000000 -0.000000 0.000000 0.000000 0.000000 0.000000 1.000000
0.000000 1.000000 0.000000 0.080331 0.000000 -0.000000 1.000000 1.129586 1.000000 -0.000000 -0.000000 0.000000 0.000000 0.000000 0.000000 1.000000
0.000000 1.000000 0.000000 0.082689 0.000000 -0.000000 1.000000 1.133890 1.000000 -0.000000 -0.000000 0.000000 0.000000 0.000000 0.000000 1.000000
0.000000 1.000000 0.000000 0.084920 0.000000 -0.000000 1.000000 1.138593 1.000000 -0.000000 -0.000000 0.000000 0.000000 0.000000 0.000000 1.000000
0.000000 1.000000 0.000000 0.087020 0.000000 -0.000000 1.000000 1.144000 1.000000 -0.000000 -0.000000 0.000000 0.000000 0.000000 0.000000 1.000000
0.000000 1.000000 0.000000 0.088982 0.000000 -0.000000 1.000000 1.150273 1.000000 -0.000000 -0.000000 0.000000 0.000000 0.000000 0.000000 1.000000
0.000000 1.000000 0.000000 0.090805 0.000000 -0.000000 1.000000 1.156930 1.000000 -0.000000 -0.000000 0.000000 0.000000 0.000000 0.000000 1.000000
0.000000 1.000000 0.000000 0.092487 0.000000 -0.000000 1.000000 1.163352 1.000000 -0.000000 -0.000000 0.000000 0.000000 0.000000 0.000000 1.000000
0.000000 1.000000 0.000000 0.094026 0.000000 -0.000000 1.000000 1.168922 1.000000 -0.000000 -0.000000 0.000000 0.000000 0.000000 0.000000 1.000000
0.000000 1.000000 0.000000 0.095413 0.000000 -0.000000 1.000000 1.173000 1.000000 -0.000000 -0.000000 0.000000 0.000000 0.000000 0.000000 1.000000
0.000000 1.000000 0.000000 0.096619 0.000000 -0.000000 1.000000 1.175528 1.000000 -0.000000 -0.000000 0.000000 0.000000 0.000000 0.000000 1.000000
0.000000 1.000000 0.000000 0.097608 0.000000 -0.000000 1.000000 1.177617 1.000000 -0.000000 -0.000000 0.000000 0.000000 0.000000 0.000000 1.000000
0.000000 1.000000 0.000000 0.098355 0.000000 -0.000000 1.000000 1.180308 1.000000 -0.000000 -0.000000 0.000000 0.000000 0.000000 0.000000 1.000000
0.000000 1.000000 0.000000 0.098830 0.000000 -0.000000 1.000000 1.184640 1.000000 -0.000000 -0.000000 0.000000 0.000000 0.000000 0.000000 1.000000
0.000000 1.000000 0.000000 0.099000 0.000000 -0.000000 1.000000 1.191696 1.000000 -0.000000 -0.000000 0.000000 0.000000 0.000000 0.000000 1.000000</float_array><technique_common><accessor source="#Bip001-Matrix-animation-output-transform-array" count="112" stride="16"><param type="float4x4"/></accessor></technique_common></source><source id="Bip001-Interpolations"><Name_array id="Bip001-Interpolations-array" count="112">
 LINEAR LINEAR LINEAR LINEAR LINEAR LINEAR LINEAR LINEAR LINEAR LINEAR LINEAR
LINEAR LINEAR LINEAR LINEAR LINEAR LINEAR LINEAR LINEAR LINEAR LINEAR LINEAR LINEAR
LINEAR LINEAR LINEAR LINEAR LINEAR LINEAR LINEAR LINEAR LINEAR LINEAR LINEAR LINEAR
LINEAR LINEAR LINEAR LINEAR LINEAR LINEAR LINEAR LINEAR LINEAR LINEAR LINEAR LINEAR
LINEAR LINEAR LINEAR LINEAR LINEAR LINEAR LINEAR LINEAR LINEAR LINEAR LINEAR LINEAR
LINEAR LINEAR LINEAR LINEAR LINEAR LINEAR LINEAR LINEAR LINEAR LINEAR LINEAR LINEAR
LINEAR LINEAR LINEAR LINEAR LINEAR LINEAR LINEAR LINEAR LINEAR LINEAR LINEAR LINEAR
LINEAR LINEAR LINEAR LINEAR LINEAR LINEAR LINEAR LINEAR LINEAR LINEAR LINEAR LINEAR
LINEAR LINEAR LINEAR LINEAR LINEAR LINEAR LINEAR LINEAR LINEAR LINEAR LINEAR LINEAR
LINEAR LINEAR LINEAR LINEAR LINEAR</Name_array><technique_common><accessor source="#Bip001-Interpolations-array" count="112"><param type="name"/></accessor></technique_common></source><sampler id="Bip001-Matrix-animation-transform"><input semantic="INPUT" source="#Bip001-Matrix-animation-input"/><input semantic="OUTPUT" source="#Bip001-Matrix-animation-output-transform"/><input semantic="INTERPOLATION" source="#Bip001-Interpolations"/></sampler><channel source="#Bip001-Matrix-animation-transform" target="Bip001/matrix"/></animation></animation>
    <animation id="Bip001Pelvis-anim" name="Bip001Pelvis"><animation><source id="Bip001Pelvis-Matrix-animation-input"><float_array id="Bip001Pelvis-Matrix-animation-input-array" count="112">

4.333333 4.366667 4.400000 4.433333 4.466667 4.500000 4.533333 4.566667 4.600000 4.633333 4.666667 4.700000 4.733333 4.766667 4.800000 4.833333
4.866667 4.900000 4.933333 4.966667 5.000000 5.033333 5.066667 5.100000 5.133333 5.166667 5.200000 5.233333 5.266667 5.300000 5.333333 5.366667
5.400000 5.433333 5.466667 5.500000 5.533333 5.566667 5.600000 5.633333 5.666667 5.700000 5.733333 5.766667 5.800000 5.833333 5.866667 5.900000
5.933333 5.966667 6.000000 6.033333 6.066667 6.100000 6.133333 6.166667 6.200000 6.233333 6.266667 6.300000 6.333333 6.366667 6.400000 6.433333
6.466667 6.500000 6.533333 6.566667 6.600000 6.633333 6.666667 6.700000 6.733333 6.766667 6.800000 6.833333 6.866667 6.900000 6.933333 6.966667
7.000000 7.033333 7.066667 7.100000 7.133333 7.166667 7.200000 7.233333 7.266667 7.300000 7.333333 7.366667 7.400000 7.433333 7.466667 7.500000
7.533333 7.566667 7.600000 7.633333 7.666667 7.700000 7.733333 7.766667 7.800000 7.833333 7.866667 7.900000 7.933333 7.966667 8.000000 8.033333</float_array><technique_common><accessor source="#Bip001Pelvis-Matrix-animation-input-array" count="112"><param name="TIME" type="float"/></accessor></technique_common></source><source id="Bip001Pelvis-Matrix-animation-output-transform"><float_array id="Bip001Pelvis-Matrix-animation-output-transform-array" count="1792">

-0.000701 0.999999 -0.000846 0.000000 0.181536 0.000959 0.983384 0.000000 0.983384 0.000535 -0.181537 0.000000 0.000000 0.000000 0.000000 1.000000
-0.005250 0.999819 -0.018274 0.000000 0.220917 0.018982 0.975108 0.000000 0.975278 0.001082 -0.220977 0.000000 0.000000 0.000000 0.000000 1.000000
-0.010688 0.999299 -0.035870 0.000000 0.263536 0.037419 0.963924 0.000000 0.964590 0.000850 -0.263751 0.000000 0.000000 0.000000 0.000000 1.000000
-0.016776 0.998452 -0.053021 0.000000 0.303719 0.055611 0.951137 0.000000 0.952614 -0.000147 -0.304182 0.000000 0.000000 0.000000 0.000000 1.000000
-0.023032 0.997336 -0.069207 0.000000 0.336080 0.072920 0.939006 0.000000 0.941552 -0.001632 -0.336864 0.000000 0.000000 0.000000 0.000000 1.000000
-0.028767 0.996049 -0.084012 0.000000 0.355519 0.088747 0.930446 0.000000 0.934226 -0.003102 -0.356667 0.000000 0.000000 0.000000 0.000000 1.000000
-0.033931 0.994615 -0.097930 0.000000 0.364922 0.103550 0.925262 0.000000 0.930419 -0.004342 -0.366471 0.000000 0.000000 0.000000 0.000000 1.000000
-0.038969 0.992980 -0.111679 0.000000 0.370857 0.118153 0.921143 0.000000 0.927872 -0.005521 -0.372858 0.000000 0.000000 0.000000 0.000000 1.000000
-0.043826 0.991158 -0.125243 0.000000 0.373847 0.132526 0.917974 0.000000 0.926454 -0.006591 -0.376349 0.000000 0.000000 0.000000 0.000000 1.000000
-0.048460 0.989162 -0.138600 0.000000 0.374405 0.146635 0.915598 0.000000 0.925998 -0.007523 -0.377453 0.000000 0.000000 0.000000 0.000000 1.000000
-0.052848 0.987009 -0.151723 0.000000 0.373033 0.160449 0.913839 0.000000 0.926312 -0.008303 -0.376667 0.000000 0.000000 0.000000 0.000000 1.000000
-0.056982 0.984717 -0.164577 0.000000 0.370231 0.173933 0.912511 0.000000 0.927190 -0.008935 -0.374484 0.000000 0.000000 0.000000 0.000000 1.000000
-0.060869 0.982304 -0.177125 0.000000 0.366496 0.187054 0.911423 0.000000 0.928426 -0.009438 -0.371397 0.000000 0.000000 0.000000 0.000000 1.000000
-0.064531 0.979792 -0.189324 0.000000 0.362326 0.199776 0.910390 0.000000 0.929815 -0.009849 -0.367896 0.000000 0.000000 0.000000 0.000000 1.000000
-0.068004 0.977202 -0.201127 0.000000 0.358220 0.212066 0.909234 0.000000 0.931157 -0.010216 -0.364475 0.000000 0.000000 0.000000 0.000000 1.000000
-0.071337 0.974557 -0.212484 0.000000 0.354681 0.223889 0.907786 0.000000 0.932262 -0.010605 -0.361629 0.000000 0.000000 0.000000 0.000000 1.000000
-0.074955 0.971894 -0.223169 0.000000 0.352521 0.235173 0.905772 0.000000 0.932797 -0.010779 -0.360240 0.000000 0.000000 0.000000 0.000000 1.000000
-0.078890 0.969259 -0.233054 0.000000 0.351214 0.245817 0.903451 0.000000 0.932966 -0.010578 -0.359810 0.000000 0.000000 0.000000 0.000000 1.000000
-0.082591 0.966691 -0.242253 0.000000 0.349264 0.255743 0.901449 0.000000 0.933377 -0.010158 -0.358753 0.000000 0.000000 0.000000 0.000000 1.000000
-0.085477 0.964234 -0.250890 0.000000 0.345185 0.264876 0.900382 0.000000 0.934634 -0.009642 -0.355480 0.000000 0.000000 0.000000 0.000000 1.000000
-0.086938 0.961932 -0.259092 0.000000 0.337488 0.273137 0.900832 0.000000 0.937307 -0.009124 -0.348386 0.000000 0.000000 0.000000 0.000000 1.000000
-0.086345 0.959830 -0.266968 0.000000 0.324661 0.280449 0.903296 0.000000 0.941881 -0.008679 -0.335835 0.000000 0.000000 0.000000 0.000000 1.000000
-0.083040 0.957972 -0.274578 0.000000 0.305146 0.286738 0.908112 0.000000 0.948678 -0.008376 -0.316132 0.000000 0.000000 0.000000 0.000000 1.000000
-0.076245 0.956319 -0.282206 0.000000 0.276374 0.292210 0.915549 0.000000 0.958021 -0.008188 -0.286581 0.000000 0.000000 0.000000 0.000000 1.000000
-0.066181 0.954820 -0.289723 0.000000 0.238701 0.297078 0.924536 0.000000 0.968835 -0.007970 -0.247577 0.000000 0.000000 0.000000 0.000000 1.000000
-0.053750 0.953504 -0.296548 0.000000 0.194981 0.301282 0.933387 0.000000 0.979333 -0.007652 -0.202109 0.000000 0.000000 0.000000 0.000000 1.000000
-0.039946 0.952401 -0.302219 0.000000 0.148223 0.304762 0.940824 0.000000 0.988147 -0.007214 -0.153342 0.000000 0.000000 0.000000 0.000000 1.000000
-0.025845 0.951538 -0.306444 0.000000 0.101573 0.307460 0.946124 0.000000 0.994492 -0.006674 -0.104597 0.000000 0.000000 0.000000 0.000000 1.000000
-0.012573 0.950937 -0.309129 0.000000 0.058259 0.309325 0.949170 0.000000 0.998222 -0.006076 -0.059290 0.000000 0.000000 0.000000 0.000000 1.000000
-0.001268 0.950619 -0.310359 0.000000 0.021520 0.310313 0.950391 0.000000 0.999768 -0.005474 -0.020851 0.000000 0.000000 0.000000 0.000000 1.000000
0.006951 0.950597 -0.310349 0.000000 -0.005443 0.310388 0.950594 0.000000 0.999961 -0.004918 0.007332 0.000000 0.000000 0.000000 0.000000 1.000000
0.011537 0.950796 -0.309602 0.000000 -0.020830 0.309784 0.950579 0.000000 0.999716 -0.004518 0.023379 0.000000 0.000000 0.000000 0.000000 1.000000
0.013213 0.951200 -0.308292 0.000000 -0.026710 0.308545 0.950835 0.000000 0.999556 -0.004329 0.029483 0.000000 0.000000 0.000000 0.000000 1.000000
0.012795 0.951907 -0.306119 0.000000 -0.025726 0.306356 0.951569 0.000000 0.999587 -0.004300 0.028408 0.000000 0.000000 0.000000 0.000000 1.000000
0.011102 0.953015 -0.302721 0.000000 -0.020517 0.302893 0.952804 0.000000 0.999728 -0.004367 0.022916 0.000000 0.000000 0.000000 0.000000 1.000000
0.008959 0.954609 -0.297726 0.000000 -0.013720 0.297827 0.954521 0.000000 0.999866 -0.004466 0.015765 0.000000 0.000000 0.000000 0.000000 1.000000
0.007176 0.956764 -0.290776 0.000000 -0.007977 0.290829 0.956742 0.000000 0.999942 -0.004546 0.009719 0.000000 0.000000 0.000000 0.000000 1.000000
0.006530 0.959532 -0.281524 0.000000 -0.005941 0.281562 0.959525 0.000000 0.999961 -0.004593 0.007540 0.000000 0.000000 0.000000 0.000000 1.000000
0.006662 0.963349 -0.268168 0.000000 -0.005782 0.268206 0.963344 0.000000 0.999961 -0.004867 0.007357 0.000000 0.000000 0.000000 0.000000 1.000000
0.006837 0.968190 -0.250123 0.000000 -0.004936 0.250159 0.968192 0.000000 0.999964 -0.005385 0.006489 0.000000 0.000000 0.000000 0.000000 1.000000
0.007182 0.973427 -0.228886 0.000000 -0.004979 0.228924 0.973432 0.000000 0.999962 -0.005852 0.006491 0.000000 0.000000 0.000000 0.000000 1.000000
0.007753 0.978526 -0.205979 0.000000 -0.007492 0.206036 0.978516 0.000000 0.999942 -0.006044 0.008928 0.000000 0.000000 0.000000 0.000000 1.000000
0.008528 0.983083 -0.182960 0.000000 -0.014054 0.183067 0.983000 0.000000 0.999865 -0.005812 0.015378 0.000000 0.000000 0.000000 0.000000 1.000000
0.009462 0.987116 -0.159728 0.000000 -0.024160 0.159914 0.986835 0.000000 0.999663 -0.005478 0.025362 0.000000 0.000000 0.000000 0.000000 1.000000
0.010404 0.990740 -0.135370 0.000000 -0.036106 0.135661 0.990097 0.000000 0.999294 -0.005413 0.037183 0.000000 0.000000 0.000000 0.000000 1.000000
0.011139 0.993841 -0.110256 0.000000 -0.049669 0.110676 0.992615 0.000000 0.998704 -0.005581 0.050596 0.000000 0.000000 0.000000 0.000000 1.000000
0.011468 0.996335 -0.084767 0.000000 -0.064613 0.085334 0.994255 0.000000 0.997844 -0.005925 0.065355 0.000000 0.000000 0.000000 0.000000 1.000000
0.011213 0.998177 -0.059297 0.000000 -0.080690 0.060011 0.994931 0.000000 0.996676 -0.006372 0.081216 0.000000 0.000000 0.000000 0.000000 1.000000
0.010221 0.999361 -0.034247 0.000000 -0.097643 0.035083 0.994603 0.000000 0.995169 -0.006822 0.097939 0.000000 0.000000 0.000000 0.000000 1.000000
0.008364 0.999915 -0.010025 0.000000 -0.115209 0.010922 0.993281 0.000000 0.993306 -0.007153 0.115290 0.000000 0.000000 0.000000 0.000000 1.000000
0.005091 0.999895 0.013602 0.000000 -0.136133 -0.012783 0.990608 0.000000 0.990677 -0.006894 0.136054 0.000000 0.000000 0.000000 0.000000 1.000000
0.000238 0.999324 0.036772 0.000000 -0.161032 -0.036253 0.986283 0.000000 0.986949 -0.006156 0.160914 0.000000 0.000000 0.000000 0.000000 1.000000
-0.005572 0.998244 0.058970 0.000000 -0.186488 -0.058974 0.980686 0.000000 0.982441 -0.005533 0.186489 0.000000 0.000000 0.000000 0.000000 1.000000
-0.011542 0.996747 0.079758 0.000000 -0.209178 -0.080406 0.974566 0.000000 0.977809 -0.005436 0.209426 0.000000 0.000000 0.000000 0.000000 1.000000
-0.016721 0.994969 0.098779 0.000000 -0.225884 -0.099997 0.969008 0.000000 0.974011 -0.006110 0.226420 0.000000 0.000000 0.000000 0.000000 1.000000
-0.020730 0.992976 0.116482 0.000000 -0.235909 -0.118075 0.964575 0.000000 0.971554 -0.007484 0.236699 0.000000 0.000000 0.000000 0.000000 1.000000
-0.024019 0.990770 0.133407 0.000000 -0.241768 -0.135241 0.960863 0.000000 0.970037 -0.009175 0.242785 0.000000 0.000000 0.000000 0.000000 1.000000
-0.026837 0.988417 0.149367 0.000000 -0.245114 -0.151366 0.957605 0.000000 0.969123 -0.010913 0.246337 0.000000 0.000000 0.000000 0.000000 1.000000
-0.029492 0.985992 0.164163 0.000000 -0.247571 -0.166322 0.954487 0.000000 0.968421 -0.012492 0.249008 0.000000 0.000000 0.000000 0.000000 1.000000
-0.032348 0.983574 0.177582 0.000000 -0.250748 -0.179979 0.951175 0.000000 0.967512 -0.013760 0.252451 0.000000 0.000000 0.000000 0.000000 1.000000
-0.035809 0.981246 0.189403 0.000000 -0.256239 -0.192204 0.947312 0.000000 0.965950 -0.014610 0.258316 0.000000 0.000000 0.000000 0.000000 1.000000
-0.040487 0.979649 0.196592 0.000000 -0.268156 -0.200189 0.942346 0.000000 0.962524 -0.014565 0.270804 0.000000 0.000000 0.000000 0.000000 1.000000
-0.046068 0.978915 0.199005 0.000000 -0.285299 -0.203812 0.936518 0.000000 0.957331 -0.013633 0.288673 0.000000 0.000000 0.000000 0.000000 1.000000
-0.051601 0.978275 0.200789 0.000000 -0.301323 -0.206938 0.930796 0.000000 0.952125 -0.012472 0.305455 0.000000 0.000000 0.000000 0.000000 1.000000
-0.056230 0.976897 0.206180 0.000000 -0.309974 -0.213383 0.926490 0.000000 0.949081 -0.011814 0.314811 0.000000 0.000000 0.000000 0.000000 1.000000
-0.059049 0.973835 0.219450 0.000000 -0.305027 -0.226921 0.924914 0.000000 0.950511 -0.012322 0.310445 0.000000 0.000000 0.000000 0.000000 1.000000
-0.059175 0.967588 0.245503 0.000000 -0.279827 -0.252152 0.926346 0.000000 0.958225 -0.013882 0.285678 0.000000 0.000000 0.000000 0.000000 1.000000
-0.056089 0.957999 0.281234 0.000000 -0.238298 -0.286382 0.928008 0.000000 0.969571 -0.014966 0.244352 0.000000 0.000000 0.000000 0.000000 1.000000
-0.049817 0.946477 0.318905 0.000000 -0.190276 -0.322447 0.927267 0.000000 0.980466 -0.014486 0.196155 0.000000 0.000000 0.000000 0.000000 1.000000
-0.041767 0.935381 0.351168 0.000000 -0.145941 -0.353416 0.924012 0.000000 0.988411 -0.012657 0.151271 0.000000 0.000000 0.000000 0.000000 1.000000
-0.034672 0.927863 0.371306 0.000000 -0.115552 -0.372760 0.920705 0.000000 0.992696 -0.010983 0.120141 0.000000 0.000000 0.000000 0.000000 1.000000
-0.029039 0.923569 0.382331 0.000000 -0.096181 -0.383299 0.918603 0.000000 0.994940 -0.010097 0.099960 0.000000 0.000000 0.000000 0.000000 1.000000
-0.023239 0.919842 0.391600 0.000000 -0.078086 -0.392180 0.916569 0.000000 0.996676 -0.009278 0.080940 0.000000 0.000000 0.000000 0.000000 1.000000
-0.017372 0.916647 0.399320 0.000000 -0.061211 -0.399606 0.914641 0.000000 0.997974 -0.008553 0.063051 0.000000 0.000000 0.000000 0.000000 1.000000
-0.011526 0.913937 0.405692 0.000000 -0.045499 -0.405778 0.912838 0.000000 0.998898 -0.007937 0.046260 0.000000 0.000000 0.000000 0.000000 1.000000
-0.005776 0.911654 0.410917 0.000000 -0.030891 -0.410891 0.911161 0.000000 0.999506 -0.007431 0.030535 0.000000 0.000000 0.000000 0.000000 1.000000
-0.000183 0.909733 0.415193 0.000000 -0.017327 -0.415134 0.909595 0.000000 0.999850 -0.007028 0.015839 0.000000 0.000000 0.000000 0.000000 1.000000
0.005198 0.908102 0.418716 0.000000 -0.004750 -0.418694 0.908115 0.000000 0.999975 -0.006709 0.002137 0.000000 0.000000 0.000000 0.000000 1.000000
0.010321 0.906686 0.421679 0.000000 0.006897 -0.421756 0.906683 0.000000 0.999923 -0.006449 -0.010607 0.000000 0.000000 0.000000 0.000000 1.000000
0.015147 0.905406 0.424276 0.000000 0.017671 -0.424500 0.905255 0.000000 0.999729 -0.006214 -0.022430 0.000000 0.000000 0.000000 0.000000 1.000000
0.019645 0.904182 0.426696 0.000000 0.027626 -0.427106 0.903779 0.000000 0.999425 -0.005966 -0.033369 0.000000 0.000000 0.000000 0.000000 1.000000
0.023785 0.902930 0.429130 0.000000 0.036815 -0.429751 0.902197 0.000000 0.999039 -0.005661 -0.043463 0.000000 0.000000 0.000000 0.000000 1.000000
0.027546 0.901566 0.431764 0.000000 0.045291 -0.432609 0.900443 0.000000 0.998594 -0.005248 -0.052749 0.000000 0.000000 0.000000 0.000000 1.000000
0.030905 0.900004 0.434784 0.000000 0.053104 -0.435856 0.898449 0.000000 0.998111 -0.004678 -0.061264 0.000000 0.000000 0.000000 0.000000 1.000000
0.033197 0.897744 0.439264 0.000000 0.058341 -0.440498 0.895856 0.000000 0.997745 -0.004113 -0.066999 0.000000 0.000000 0.000000 0.000000 1.000000
0.033983 0.894714 0.445345 0.000000 0.059736 -0.446624 0.892725 0.000000 0.997636 -0.003735 -0.068624 0.000000 0.000000 0.000000 0.000000 1.000000
0.033579 0.891489 0.451797 0.000000 0.058310 -0.453030 0.889586 0.000000 0.997734 -0.003527 -0.067195 0.000000 0.000000 0.000000 0.000000 1.000000
0.032309 0.888675 0.457399 0.000000 0.055083 -0.458525 0.886973 0.000000 0.997959 -0.003462 -0.063766 0.000000 0.000000 0.000000 0.000000 1.000000
0.030523 0.886907 0.460939 0.000000 0.051065 -0.461935 0.885442 0.000000 0.998229 -0.003488 -0.059390 0.000000 0.000000 0.000000 0.000000 1.000000
0.028592 0.886827 0.461215 0.000000 0.047256 -0.462087 0.885574 0.000000 0.998473 -0.003525 -0.055121 0.000000 0.000000 0.000000 0.000000 1.000000
0.026903 0.889050 0.457018 0.000000 0.044650 -0.457796 0.887935 0.000000 0.998640 -0.003482 -0.052013 0.000000 0.000000 0.000000 0.000000 1.000000
0.025825 0.894110 0.447102 0.000000 0.044243 -0.447835 0.893021 0.000000 0.998687 -0.003281 -0.051123 0.000000 0.000000 0.000000 0.000000 1.000000
0.025094 0.901135 0.432813 0.000000 0.045103 -0.433529 0.900010 0.000000 0.998667 -0.003064 -0.051523 0.000000 0.000000 0.000000 0.000000 1.000000
0.024246 0.908825 0.416472 0.000000 0.045695 -0.417167 0.907681 0.000000 0.998661 -0.002977 -0.051644 0.000000 0.000000 0.000000 0.000000 1.000000
0.023309 0.916977 0.398258 0.000000 0.046117 -0.398929 0.915822 0.000000 0.998664 -0.002981 -0.051586 0.000000 0.000000 0.000000 0.000000 1.000000
0.022311 0.925392 0.378355 0.000000 0.046464 -0.379000 0.924229 0.000000 0.998671 -0.003040 -0.051453 0.000000 0.000000 0.000000 0.000000 1.000000
0.021273 0.933879 0.356955 0.000000 0.046836 -0.357575 0.932709 0.000000 0.998676 -0.003123 -0.051346 0.000000 0.000000 0.000000 0.000000 1.000000
0.020215 0.942263 0.334262 0.000000 0.047333 -0.334857 0.941079 0.000000 0.998675 -0.003202 -0.051369 0.000000 0.000000 0.000000 0.000000 1.000000
0.019150 0.950384 0.310489 0.000000 0.048055 -0.311062 0.949174 0.000000 0.998661 -0.003256 -0.051628 0.000000 0.000000 0.000000 0.000000 1.000000
0.018086 0.958101 0.285860 0.000000 0.049104 -0.286413 0.956847 0.000000 0.998630 -0.003269 -0.052227 0.000000 0.000000 0.000000 0.000000 1.000000
0.017026 0.965294 0.260612 0.000000 0.050582 -0.261147 0.963973 0.000000 0.998575 -0.003231 -0.053272 0.000000 0.000000 0.000000 0.000000 1.000000
0.015967 0.971868 0.234986 0.000000 0.052591 -0.235507 0.970449 0.000000 0.998488 -0.003137 -0.054872 0.000000 0.000000 0.000000 0.000000 1.000000
0.014901 0.977752 0.209234 0.000000 0.055236 -0.209742 0.976195 0.000000 0.998362 -0.002989 -0.057133 0.000000 0.000000 0.000000 0.000000 1.000000
0.013816 0.982901 0.183613 0.000000 0.058619 -0.184111 0.981156 0.000000 0.998185 -0.002793 -0.060161 0.000000 0.000000 0.000000 0.000000 1.000000
0.012698 0.987296 0.158387 0.000000 0.062843 -0.158874 0.985297 0.000000 0.997943 -0.002557 -0.064062 0.000000 0.000000 0.000000 0.000000 1.000000
0.011527 0.990939 0.133819 0.000000 0.068011 -0.134295 0.988605 0.000000 0.997618 -0.002295 -0.068942 0.000000 0.000000 0.000000 0.000000 1.000000
0.010287 0.993859 0.110175 0.000000 0.074222 -0.110636 0.991086 0.000000 0.997189 -0.002018 -0.074905 0.000000 0.000000 0.000000 0.000000 1.000000
0.008972 0.996135 0.087378 0.000000 0.086340 -0.087827 0.992387 0.000000 0.996225 -0.001359 -0.086795 0.000000 0.000000 0.000000 0.000000 1.000000
0.007358 0.997854 0.065059 0.000000 0.106750 -0.065473 0.992128 0.000000 0.994259 -0.000355 -0.107003 0.000000 0.000000 0.000000 0.000000 1.000000
0.005226 0.999060 0.043043 0.000000 0.131825 -0.043356 0.990324 0.000000 0.991259 0.000498 -0.131927 0.000000 0.000000 0.000000 0.000000 1.000000
0.002512 0.999773 0.021143 0.000000 0.157946 -0.021274 0.987219 0.000000 0.987445 0.000859 -0.157963 0.000000 0.000000 0.000000 0.000000 1.000000
-0.000701 0.999999 -0.000846 0.000000 0.181536 0.000959 0.983384 0.000000 0.983384 0.000535 -0.181537 0.000000 0.000000 0.000000 0.000000 1.000000</float_array><technique_common><accessor source="#Bip001Pelvis-Matrix-animation-output-transform-array" count="112" stride="16"><param type="float4x4"/></accessor></technique_common></source><source id="Bip001Pelvis-Interpolations"><Name_array id="Bip001Pelvis-Interpolations-array" count="112">
 LINEAR LINEAR LINEAR LINEAR LINEAR LINEAR LINEAR LINEAR LINEAR LINEAR LINEAR
LINEAR LINEAR LINEAR LINEAR LINEAR LINEAR LINEAR LINEAR LINEAR LINEAR LINEAR LINEAR
LINEAR LINEAR LINEAR LINEAR LINEAR LINEAR LINEAR LINEAR LINEAR LINEAR LINEAR LINEAR
LINEAR LINEAR LINEAR LINEAR LINEAR LINEAR LINEAR LINEAR LINEAR LINEAR LINEAR LINEAR
LINEAR LINEAR LINEAR LINEAR LINEAR LINEAR LINEAR LINEAR LINEAR LINEAR LINEAR LINEAR
LINEAR LINEAR LINEAR LINEAR LINEAR LINEAR LINEAR LINEAR LINEAR LINEAR LINEAR LINEAR
LINEAR LINEAR LINEAR LINEAR LINEAR LINEAR LINEAR LINEAR LINEAR LINEAR LINEAR LINEAR
LINEAR LINEAR LINEAR LINEAR LINEAR LINEAR LINEAR LINEAR LINEAR LINEAR LINEAR LINEAR
LINEAR LINEAR LINEAR LINEAR LINEAR LINEAR LINEAR LINEAR LINEAR LINEAR LINEAR LINEAR
LINEAR LINEAR LINEAR LINEAR LINEAR</Name_array><technique_common><accessor source="#Bip001Pelvis-Interpolations-array" count="112"><param type="name"/></accessor></technique_common></source><sampler id="Bip001Pelvis-Matrix-animation-transform"><input semantic="INPUT" source="#Bip001Pelvis-Matrix-animation-input"/><input semantic="OUTPUT" source="#Bip001Pelvis-Matrix-animation-output-transform"/><input semantic="INTERPOLATION" source="#Bip001Pelvis-Interpolations"/></sampler><channel source="#Bip001Pelvis-Matrix-animation-transform" target="Bip001Pelvis/matrix"/></animation></animation>
    <animation id="Bip001Spine-anim" name="Bip001Spine"><animation><source id="Bip001Spine-Matrix-animation-input"><float_array id="Bip001Spine-Matrix-animation-input-array" count="112">

